strato	lft	batcod	eti	pr_i	peso_i
6	12.33	17820	21	0.043863394	22.79805353
6	12.35	17823	22	0.043934543	22.7611336
6	13.35	17858	39	0.047491996	21.05617978
6	14.18	17817	49	0.050444682	19.82369535
7	12.73	17834	12	0.18592763	5.378436764
7	14.47	17838	16	0.211341147	4.731686247
7	14.96	17835	17	0.218497827	4.576704545
7	15.18	17840	18	0.221711031	4.510375494
18	22.92	17808	4	0.352832512	2.834205934
18	22.97	17929	5	0.353602217	2.828036569
19	25.04	18717	3	0.293615275	3.405817359
19	26.73	18109	10	0.313431961	3.190485098
19	27.34	17852	14	0.320584729	3.119300171
19	28.18	17853	15	0.330434443	3.026318902
19	28.4	18792	17	0.33301413	3.002875587
19	28.62	18189	18	0.335593817	2.979792686
22	4	18442	7	0.045876821	21.7975
22	4.21	17837	20	0.048285354	20.71021378
22	5.2	17644	125	0.059639867	16.76730769
22	5.4	18392	145	0.061933708	16.1462963
22	5.59	17645	163	0.064112857	15.59749553
22	5.7	17830	172	0.06537447	15.29649123
22	5.75	18443	176	0.06594793	15.16347826
22	5.78	18784	180	0.066292006	15.08477509
22	5.85	18568	190	0.06709485	14.9042735
22	5.95	17815	198	0.068241771	14.65378151
22	5.95	18678	200	0.068241771	14.65378151
22	5.97	18569	203	0.068471155	14.60469012
25	6	18330	2	0.083783281	11.93555556
25	6.06	18648	19	0.084621113	11.81738174
25	6.06	18822	24	0.084621113	11.81738174
25	6.1	18595	28	0.085179669	11.73989071
25	6.13	18524	32	0.085598585	11.68243611
25	6.25	17819	38	0.087274251	11.45813333
25	7.06	18529	86	0.098584993	10.14353163
25	7.15	17826	89	0.099841743	10.01585082
25	7.8	17828	103	0.108918265	9.181196581
25	8	18833	107	0.111711041	8.951666667
25	8.14	17829	109	0.113665984	8.797706798
25	8.7	18778	116	0.121485757	8.231417625
40	13.03	17857	10	0.232437832	4.302225633
40	14.28	17692	13	0.254736166	3.925630252
40	14.87	18728	17	0.26526098	3.769872226
40	14.92	18367	18	0.266152913	3.757238606
40	14.92	18804	19	0.266152913	3.757238606
41	15.16	18702	2	0.374030735	2.673577083
41	15.75	17809	5	0.38858734	2.573424036
41	16.23	18380	6	0.400430001	2.497315377
41	16.31	18689	7	0.402403778	2.485066129
41	17.52	17850	12	0.432257155	2.313437704
41	17.58	18571	13	0.433737488	2.305542012
41	17.87	18366	15	0.440892429	2.268126949
43	18.07	17949	2	0.35423655	2.822972391
43	18.48	17827	5	0.362274014	2.76034151
43	19.33	17812	9	0.378937051	2.63896074
43	19.37	17825	10	0.379721194	2.633511157
43	20.15	17469	14	0.39501198	2.53156879
43	20.26	17831	15	0.397168373	2.517823846
43	20.5	17818	17	0.40187323	2.488346883
43	20.53	18626	18	0.402461337	2.484710721
43	20.62	17806	20	0.404225659	2.473865718
43	20.62	17807	21	0.404225659	2.473865718
43	21.38	17805	28	0.419124374	2.385926619
43	21.86	17821	31	0.428534088	2.333536647
43	21.9	18025	32	0.429318231	2.32927448
43	22.2	18573	34	0.435199303	2.297797798
43	22.56	17583	37	0.442256589	2.261130812
43	22.9	17816	39	0.448921804	2.227559437
43	23.08	17321	40	0.452450447	2.21018679
43	23.09	18669	41	0.452646482	2.209229585
44	24.04	18244	1	0.397158434	2.517886855
44	24.07	17810	3	0.397654056	2.51474865
44	24.5	18345	4	0.404757971	2.470612245
44	25.82	17661	8	0.42656534	2.344306739
44	25.85	18253	9	0.427060962	2.341586074
44	27.97	18665	13	0.462084917	2.164104398
72	5.01	17610	55	0.064059049	15.61059699
72	5.1	18481	63	0.065209811	15.33511586
72	5.29	17428	78	0.067639196	14.7843272
72	5.3	18470	80	0.067767058	14.75643225
72	5.57	18574	105	0.071219342	14.04112943
72	5.63	18471	116	0.071986516	13.89149039
72	5.77	18480	132	0.07377659	13.55443517
72	5.82	17440	139	0.074415901	13.43798813
72	5.85	18472	142	0.074799489	13.36907537
72	5.9	17441	149	0.0754388	13.25577812
72	5.96	18468	163	0.076205975	13.12233069
75	6.13	18469	13	0.059198895	16.8922073
75	6.48	18466	40	0.062578929	15.97981956
75	6.54	17422	48	0.063158364	15.83321571
75	6.86	17427	79	0.066248681	15.09464005
75	6.93	18473	83	0.066924688	14.94216894
75	7.09	17438	94	0.068469847	14.60496908
75	7.23	17436	99	0.069821861	14.32216193
75	7.24	18467	102	0.069918433	14.30237994
75	7.25	17426	103	0.070015006	14.28265252
75	7.3	18474	110	0.070497868	14.18482613
75	7.48	17424	123	0.072236172	13.84348005
75	7.87	17429	138	0.076002496	13.15746261
75	9.59	17437	181	0.092612953	10.79762573
80	10.02	17435	1	0.090741691	11.02029275
80	10.97	17431	16	0.099344945	10.06593741
80	11.94	17432	30	0.10812932	9.248185371
81	13.21	18362	12	0.082325813	12.14685844
81	13.6	17365	13	0.084756326	11.79852941
90	13.2	18288	20	0.083119936	12.03080808
90	13.48	18247	25	0.084883086	11.78090999
90	13.52	17442	30	0.085134965	11.74605523
90	13.99	18094	43	0.088094538	11.35144151
90	14.1	18583	45	0.088787205	11.26288416
90	14.95	18624	69	0.094139625	10.62251951
91	15.38	18788	3	0.194228705	5.148569571
91	15.78	18393	6	0.199280167	5.018060837
91	17.07	17439	12	0.215571131	4.63884007
91	17.9	17497	17	0.226052914	4.423743017
93	18.12	17665	2	0.171883893	5.817880795
93	19.58	17425	6	0.185733257	5.384065373
93	21	17322	10	0.199203187	5.02
117	12.15	18675	3	0.254895105	3.923182442
117	13.18	17956	4	0.276503497	3.616590794
117	14.55	18699	6	0.305244755	3.276059565
122	4.4	18828	27	0.07306846	13.68579545
122	4.52	18844	32	0.075061236	13.32245575
122	5.09	17964	64	0.084526923	11.8305501
122	5.3	17957	73	0.088014282	11.36179245
122	5.6	17950	78	0.092996222	10.753125
122	5.87	17959	94	0.097479968	10.25851789
122	5.89	17954	95	0.097812098	10.22368421
122	5.91	17953	98	0.098144227	10.18908629
125	6.15	17958	17	0.056957389	17.55698448
125	6.53	17962	56	0.060476708	16.53529166
125	6.58	17541	58	0.060939776	16.40964355
125	6.7	17423	61	0.06205114	16.11573948
125	7.05	17952	80	0.065292617	15.31566731
125	7.05	18700	82	0.065292617	15.31566731
125	7.64	17961	110	0.070756822	14.1329129
125	8	18203	119	0.074090913	13.49693182
125	9.2	17955	149	0.08520455	11.73646245
125	9.65	17434	157	0.089372164	11.18916627
125	9.71	17538	158	0.089927846	11.12002621
130	10	18204	2	0.084690738	11.80766667
130	10.02	17951	4	0.084860119	11.78409847
130	10.5	18202	13	0.088925275	11.24539683
134	13.3	17603	9	0.089642777	11.15538847
134	13.4	18240	11	0.090316783	11.0721393
134	15.1	17960	27	0.101774882	9.825607064
140	12.84	17358	6	0.134443223	7.438084112
140	14.1	18201	19	0.147636249	6.773404255
140	14.15	18525	20	0.148159782	6.749469965
140	14.8	17430	24	0.154965709	6.453040541
141	16.9	18198	5	0.199976334	5.000591716
141	17.85	18200	10	0.211217607	4.734453782
146	18.64	17963	2	0.179088704	5.583825107
146	19.9	18199	9	0.191194485	5.230276382
146	21.25	18564	13	0.204164965	4.898
146	24.94	18507	20	0.239617611	4.173315958
160	11.4	17761	3	0.259193998	3.858114035
160	12.1	17512	6	0.275109419	3.634917355
160	12.3	17839	8	0.279656682	3.575813008
160	12.77	17447	9	0.29034275	3.444205168
166	12.3	17448	8	0.160854403	6.216802168
166	14.73	18691	15	0.192632956	5.191219733
166	14.9	18015	18	0.194856146	5.131991051
167	16.08	17445	4	0.430176565	2.324626866
167	17.25	18000	6	0.461476726	2.166956522
167	17.57	17752	7	0.470037453	2.12749004
167	17.99	17763	9	0.481273408	2.077821012
168	20.34	18004	7	0.174377733	5.734677155
168	20.8	17564	9	0.178321379	5.607852564
168	22.76	18684	13	0.195124739	5.124926772
172	4.23	18457	42	0.055673069	17.96200608
172	4.6	18612	99	0.060542817	16.51723602
172	4.8	17450	115	0.063175114	15.82901786
172	4.88	17451	121	0.064228032	15.56952576
172	5	17449	124	0.06580741	15.19585714
172	5.05	18812	132	0.066465484	15.04540311
172	5.4	18008	154	0.071072003	14.0702381
172	5.6	18425	171	0.073704299	13.56772959
172	5.79	18012	189	0.076204981	13.12250185
172	5.85	18789	201	0.07699467	12.98791209
172	5.9	17444	203	0.077652744	12.87784504
172	5.91	18800	207	0.077784359	12.85605511
172	5.94	17757	211	0.078179203	12.79112554
172	5.99	17750	217	0.078837277	12.68435488
175	6.09	18855	19	0.042125172	23.73877551
175	6.3	18846	61	0.043577764	22.94748299
175	6.72	18730	181	0.046482948	21.51326531
175	6.73	18001	183	0.046552119	21.48129909
175	6.8	17756	199	0.047036317	21.26016807
175	7	18495	256	0.048419738	20.65273469
175	7.03	17753	261	0.048627251	20.56460069
175	7.03	18838	264	0.048627251	20.56460069
175	7.07	18851	272	0.048903935	20.44825217
175	7.2	18102	315	0.049803159	20.07904762
175	7.22	18003	326	0.049941501	20.02342699
175	7.28	18009	337	0.050356527	19.85839874
175	7.65	17453	423	0.052915856	18.89792717
175	7.8	17446	446	0.053953422	18.53450549
175	7.85	18302	455	0.054299277	18.41645132
175	7.9	18504	461	0.054645133	18.2998915
175	8	17760	474	0.055336843	18.07114286
175	8.12	17443	501	0.056166896	17.80408163
175	8.28	17751	529	0.057273633	17.46004141
175	8.4	18105	547	0.058103685	17.21061224
175	8.5	17754	560	0.058795396	17.00813445
175	8.58	18849	571	0.059348764	16.84955045
175	8.63	18744	583	0.05969462	16.75192849
175	8.7	18007	591	0.060178817	16.61714286
175	8.85	18753	600	0.061216383	16.33549637
175	9.1	17755	613	0.062945659	15.886719
175	9.1	18259	615	0.062945659	15.886719
175	9.14	18013	617	0.063222343	15.81719287
175	9.15	18834	620	0.063291514	15.79990632
175	9.2	17758	623	0.06363737	15.71403727
175	9.48	18608	645	0.065574159	15.24990958
175	9.7	18526	657	0.067095922	14.90403535
175	9.75	18719	662	0.067441778	14.8276044
175	9.85	17759	668	0.068133488	14.67707034
175	9.94	18655	674	0.068756028	14.54417936
180	10.1	17452	8	0.058262788	17.16361386
180	10.62	18769	25	0.061262457	16.32321092
180	10.68	18759	27	0.061608572	16.23150749
180	11.1	17768	42	0.064031381	15.61734234
181	12.36	18738	10	0.103361766	9.674757282
181	12.4	18249	11	0.10369627	9.643548387
181	13.2	18002	15	0.110386352	9.059090909
191	10.2	18323	4	0.214917826	4.652941176
191	11.38	17529	7	0.239780868	4.170474517
191	11.48	17762	8	0.241887906	4.134146341
193	18.65	18740	1	0.185459111	5.392024129
193	18.7	17766	2	0.18595632	5.377606952
193	20.55	18749	20	0.204353068	4.893491484
193	21	17765	22	0.208827953	4.788630952
193	21.51	18681	25	0.213899489	4.67509298
193	22.37	18638	29	0.222451491	4.495362092
193	23.6	18014	34	0.234682843	4.261069915
193	25.77	18100	37	0.256261731	3.90226038
194	12.65	17977	5	0.093479814	10.69749671
194	13.2	18005	17	0.097544154	10.25176768
194	13.36	18390	20	0.098726507	10.12899202
194	13.48	17384	23	0.099613272	10.03882295
194	13.49	18515	24	0.099687169	10.03138127
194	14.14	17764	40	0.10449048	9.570249882
195	15.7	17331	2	0.270130764	3.701910828
195	15.95	18826	4	0.274432209	3.643887147
195	16.01	18254	5	0.275464556	3.630231106
195	16.5	18101	8	0.283895389	3.522424242
207	12.33	17944	6	0.211139175	4.73621249
207	12.86	17945	8	0.220214906	4.541018663
207	13.87	17946	14	0.237510167	4.210346071
207	14.6	18318	17	0.250010703	3.999828767
222	9.95	17948	1	0.240135151	4.164321608
222	14	18270	7	0.337878605	2.959642857
222	14.96	17933	8	0.361047424	2.769719251
222	16.9	18269	10	0.407867745	2.451775148
223	20.5	17847	2	0.218270869	4.581463415
223	22.3	17942	8	0.237436116	4.211659193
223	23.02	18363	13	0.245102215	4.079930495
223	23.2	17968	15	0.247018739	4.048275862
224	24.35	17971	2	0.48473789	2.062970568
224	25.6	17925	4	0.509621765	1.962239583
224	25.6	17926	5	0.509621765	1.962239583
227	4.1	17967	6	0.039883915	25.07276423
227	5.12	17981	32	0.049806255	20.07779948
227	5.2	18762	34	0.050584478	19.76891026
227	5.22	17982	37	0.050779033	19.69316731
227	5.3	18682	41	0.051557256	19.39591195
227	5.95	18783	112	0.057880316	17.27703081
230	6.02	18502	4	0.052555899	19.02735978
230	6.08	17973	16	0.053079712	18.83958978
230	6.2	18377	30	0.054127338	18.47495256
230	6.51	18613	69	0.056833705	17.59519292
230	6.54	17974	71	0.057095611	17.51448102
230	6.8	18286	102	0.059365467	16.84480969
230	6.99	18297	117	0.061024208	16.38693933
230	7.46	18395	152	0.06512741	15.35451821
230	7.48	18500	153	0.065302014	15.31346335
230	7.5	18221	154	0.065476618	15.27262745
230	7.5	18847	156	0.065476618	15.27262745
230	7.58	18293	166	0.066175036	15.11143877
230	7.6	18375	167	0.06634964	15.07167183
230	7.74	18289	175	0.06757187	14.79905761
230	8	18814	189	0.069841726	14.31808824
230	8	18820	190	0.069841726	14.31808824
230	8	18821	191	0.069841726	14.31808824
235	10.05	18406	1	0.171834036	5.819568823
235	10.6	18567	8	0.181237889	5.517610063
235	11.4	18673	14	0.19491622	5.130409357
245	17.9	18389	2	0.269917065	3.704841713
245	22.41	17975	5	0.337924102	2.959244385
245	27.08	17969	9	0.408343805	2.44891679
246	7.93	17980	1	0.125059139	7.996216898
246	10.4	18301	6	0.164011985	6.097115385
246	11.18	18267	15	0.176312884	5.671735242
246	11.67	17329	25	0.184040372	5.433590403
246	11.8	18260	26	0.186090522	5.373728814
248	18.63	17936	2	0.214347351	4.665324745
248	18.92	18220	4	0.217683944	4.593816068
248	21	17940	10	0.241615371	4.138809524
248	21.6	18338	12	0.248518668	4.023842593
248	21.72	17504	13	0.249899327	4.001611418
248	22.32	18396	15	0.256802623	3.894041219
249	12.03	18320	2	0.094466301	10.58578554
249	12.5	17979	13	0.098157004	10.18776
249	12.9	17923	30	0.101298028	9.871860465
249	13.19	17947	48	0.103575271	9.654814253
249	13.51	17924	58	0.10608809	9.426128793
249	14.1	18246	76	0.110721101	9.031702128
249	14.15	17417	79	0.111113729	8.999787986
249	14.5	18287	81	0.113862125	8.782551724
249	14.9	17941	88	0.117003149	8.546778523
249	14.97	17976	92	0.117552828	8.506813627
250	15.85	17937	10	0.170624583	5.860820189
250	17.15	17943	18	0.184619028	5.416559767
250	17.15	17972	19	0.184619028	5.416559767
250	17.6	17965	23	0.189463259	5.278068182
250	17.74	17855	25	0.190970353	5.236414882
262	11.22	17706	3	0.143508847	6.968211527
262	11.45	17712	5	0.14645065	6.828238719
262	12.8	17705	14	0.163717757	6.108072917
273	11.83	18163	6	0.208476518	4.796703297
273	13.56	18545	13	0.238963785	4.184734513
273	13.7	17767	14	0.241430963	4.141970803
273	14.72	18430	17	0.259406115	3.854959239
277	4.9	18440	4	0.082325269	12.14693878
277	5.05	18439	10	0.08484543	11.78613861
277	5.8	18513	46	0.097446237	10.26206897
277	5.85	18441	48	0.09828629	10.17435897
277	5.88	17715	52	0.098790323	10.12244898
277	5.98	18752	62	0.10047043	9.953177258
280	6.1	18161	17	0.070820296	14.1202459
280	6.18	18438	32	0.071749087	13.93745955
280	6.19	17721	34	0.071865186	13.91494346
280	6.47	18807	64	0.075115954	13.31275116
280	6.53	17714	78	0.075812547	13.19042879
280	6.69	17711	121	0.077670128	12.87496263
280	6.75	18397	139	0.078366721	12.76051852
280	6.75	18514	140	0.078366721	12.76051852
280	6.88	17716	160	0.079876006	12.51940407
280	6.93	17717	173	0.080456501	12.42907648
280	7.5	18160	214	0.087074135	11.48446667
280	8	18597	227	0.092879077	10.7666875
280	8.14	18382	232	0.094504461	10.58151106
280	8.21	17701	233	0.095317153	10.49129111
280	8.45	18184	236	0.098103525	10.19331361
280	8.95	18168	239	0.103908468	9.623854749
280	9.21	18565	240	0.106927038	9.352171553
280	9.22	17697	241	0.107043137	9.3420282
280	9.35	18623	243	0.108552422	9.212139037
280	9.75	17698	248	0.113196375	8.834205128
285	10.61	17710	5	0.265238948	3.77018536
285	10.65	17695	6	0.266238907	3.756025039
285	11.15	17713	12	0.278738386	3.587593423
285	12.5	18294	18	0.31248698	3.200133333
285	12.66	17720	19	0.316486813	3.15968931
285	13.25	17709	20	0.331236198	3.018993711
292	15.52	18159	6	0.2965794	3.371778351
292	16.27	17939	7	0.310911523	3.216349109
292	17.7	18165	11	0.338238104	2.956497175
292	18.05	17703	12	0.344926428	2.899168975
296	11.72	17704	6	0.260088028	3.844852105
296	11.94	17718	8	0.264970226	3.774008934
296	12.74	18162	9	0.282723675	3.537022501
296	14.4	17708	17	0.319562082	3.129282407
296	14.5	17700	18	0.321781263	3.107701149
296	14.9	17707	21	0.330657987	3.024272931
298	15.55	17702	1	0.312332619	3.201714898
298	17.27	17696	7	0.346880021	2.88284115
298	17.4	17699	8	0.349491162	2.861302682
315	10.8	18030	4	0.158010241	6.328703704
315	11.48	17998	7	0.167959034	5.953832753
315	12.56	18250	11	0.183760059	5.441878981
315	12.6	17999	12	0.184345282	5.424603175
325	13.73	17502	2	0.238368056	4.195193008
325	26.25	17518	6	0.455729167	2.194285714
327	3.8	18434	2	0.059421423	16.82894737
327	5.64	17505	37	0.088193901	11.33865248
327	5.7	17997	41	0.089132134	11.21929825
327	5.73	18811	42	0.089601251	11.16055846
327	5.86	17493	49	0.091634089	10.91296928
330	6.2	17506	13	0.054012122	18.51436252
330	6.2	17510	14	0.054012122	18.51436252
330	7.06	17515	109	0.061504126	16.2590719
330	7.09	17992	111	0.061765475	16.1902747
330	7.34	18750	136	0.063943383	15.63883483
330	7.41	17525	141	0.064553197	15.49109954
330	7.56	17494	161	0.065859942	15.18373646
330	7.6	17503	164	0.066208407	15.10382206
330	7.62	17495	169	0.06638264	15.06417948
330	7.97	17536	192	0.069431711	14.40264086
330	8.1	17499	203	0.070564223	14.17148736
330	8.15	17532	206	0.070999805	14.08454572
330	8.25	17535	220	0.071870968	13.91382395
330	8.6	17508	244	0.07492004	13.34756368
330	8.6	17513	245	0.07492004	13.34756368
330	8.67	17501	249	0.075529854	13.23979788
330	8.72	18842	254	0.075965436	13.16388161
330	8.95	17530	264	0.077969111	12.82559191
330	9	17498	268	0.078404693	12.75433862
330	9.05	17531	278	0.078840274	12.68387267
330	9.15	17516	283	0.079711438	12.54525111
335	10.22	17496	3	0.100007339	9.999266145
335	10.67	18657	11	0.104410793	9.577553889
335	11.05	17491	20	0.108129266	9.248190045
335	11.38	17995	25	0.111358466	8.980008787
336	12.3	18635	2	0.11528512	8.674146341
336	13.08	17514	14	0.122595883	8.156880734
336	13.4	18403	19	0.125595171	7.962089552
336	14.2	18533	26	0.13309339	7.513521127
336	16.22	17519	34	0.152026394	6.577805179
341	10.89	17527	1	0.318495555	3.139761249
341	11.3	17528	2	0.330486664	3.025840708
341	13.15	18544	7	0.384592887	2.600152091
341	13.36	17994	8	0.390734675	2.559281437
341	14.5	18026	10	0.424075807	2.358068966
342	15.67	17533	2	0.245236512	4.077696235
342	16.95	17509	5	0.265268594	3.769764012
342	17.5	17539	11	0.27387613	3.651285714
342	17.57	17511	12	0.274971634	3.636738759
349	24.27	18763	1	0.233634963	4.280181294
349	25.1	18099	3	0.241624952	4.138645418
351	18.7	17877	4	0.231999132	4.310360963
351	19.55	17492	11	0.242544547	4.122953964
351	19.73	17534	13	0.244777693	4.085339584
351	19.75	18402	14	0.245025821	4.081202532
351	19.95	17986	21	0.247507095	4.040288221
351	20.6	18322	26	0.255571236	3.912803398
351	20.82	18164	27	0.258300637	3.871457733
351	20.97	17523	28	0.260161593	3.843764902
351	21.26	17565	31	0.26375944	3.79133349
351	21.42	18373	33	0.26574446	3.763013539
351	21.6	18104	35	0.267977607	3.731655093
351	21.8	17987	41	0.270458881	3.697419725
351	22	17500	43	0.272940155	3.663806818
351	22.7	17984	49	0.281624614	3.550825991
351	23	17522	50	0.285346525	3.50451087
351	23.2	17687	54	0.2878278	3.474299569
353	19.07	18588	4	0.332102678	3.011116938
353	19.46	17521	6	0.3388945	2.950770812
353	20.2	17507	9	0.351781547	2.842673267
353	21	18658	11	0.36571349	2.734380952
353	21.2	17526	12	0.369196475	2.708584906
353	21.56	18551	14	0.375465849	2.663358071
353	22	18660	17	0.383128418	2.610090909
353	22.3	18222	19	0.388352896	2.574977578
353	23.3	17991	25	0.405767824	2.464463519
353	23.59	17524	27	0.410818153	2.43416702
372	13.88	18566	8	0.296771435	3.369596542
372	14.3	18512	9	0.30575155	3.270629371
372	16.2	17576	12	0.346375882	2.887037037
372	17.3	18646	14	0.369895232	2.703468208
375	18	18290	1	0.28527656	3.50537037
375	18.45	18715	2	0.292408474	3.419873532
375	18.9	18035	3	0.299540388	3.338447972
377	3.15	18427	1	0.042600189	23.47407407
377	4.5	18073	19	0.060857413	16.43185185
377	4.63	17570	27	0.062615516	15.97048236
377	4.93	18078	56	0.066672677	14.99864773
377	5	18010	63	0.067619348	14.78866667
377	5.18	18079	76	0.070053645	14.27477477
377	5.59	17554	94	0.075598431	13.22778772
377	5.81	18818	119	0.078573683	12.72690763
377	5.85	17552	122	0.079114637	12.63988604
380	6.1	18819	15	0.048834428	20.47735656
380	6.55	17553	58	0.052436968	19.07051527
380	6.65	18037	83	0.053237532	18.7837406
380	6.66	17548	87	0.053317589	18.75553679
380	6.8	18805	98	0.054438379	18.36939338
380	7.13	18075	124	0.057080242	17.51919705
380	7.2	18634	140	0.057640637	17.34887153
380	7.6	17546	165	0.060842894	16.43577303
380	7.94	17547	186	0.063564813	15.73197418
380	8.18	18261	202	0.065486168	15.27040037
380	8.7	18077	223	0.069649103	14.35768678
380	8.85	18272	230	0.070849949	14.11433616
380	9.04	18835	240	0.072371022	13.81768529
380	9.32	17563	248	0.074612602	13.4025617
380	9.33	18081	249	0.074692658	13.38819668
380	9.88	18590	265	0.079095763	12.64290233
385	10.04	18076	1	0.14555471	6.870268924
385	11	18709	13	0.159472292	6.270681818
385	11.03	17568	14	0.159907216	6.253626473
385	11.32	17567	16	0.164111486	6.093418728
386	12.82	18795	4	0.241204139	4.145865835
386	12.9	17562	6	0.242709313	4.120155039
386	14.75	18764	12	0.277516463	3.603389831
391	13	18082	9	0.122748625	8.146730769
391	13.86	18636	20	0.130868919	7.641233766
391	14.67	17549	27	0.138517102	7.219325153
391	14.72	18662	28	0.138989212	7.194802989
392	16.5	17575	6	0.214750542	4.656565657
392	16.62	18074	7	0.216312364	4.622944244
392	17.15	17978	12	0.223210412	4.480077745
398	20.7	18508	3	0.359895682	2.778582931
398	22.2	18036	5	0.38597508	2.590840841
398	22.47	18535	7	0.390669371	2.559709242
403	18.2	17544	2	0.318906606	3.135714286
403	18.95	17566	3	0.332048362	3.011609499
403	19.36	17543	6	0.339232521	2.947830579
403	21	18584	10	0.367969161	2.717619048
403	21.43	17542	11	0.375503767	2.663089127
404	13.77	18530	2	0.422392638	2.367465505
404	14.19	18190	6	0.435276074	2.29739253
404	14.96	17551	7	0.458895706	2.179144385
405	16.12	18672	4	0.295093971	3.388751034
405	16.25	17569	5	0.297473761	3.361641026
405	17.28	17545	9	0.316329021	3.161265432
412	14.92	17335	59	0.028442614	35.15851206
412	16.18	17334	70	0.030844605	32.42058096
413	13.08	18027	9	0.080783127	12.37882263
413	14.98	18018	21	0.092517679	10.80874499
422	10.77	17338	1	0.053428582	18.71657382
422	12.3	18019	11	0.061018715	16.38841463
422	12.68	18021	14	0.062903846	15.89727918
422	13.88	18028	30	0.068856891	14.52287464
434	25.75	18405	10	0.206634782	4.839456311
434	27	18359	14	0.216665597	4.615407407
434	27.35	18559	16	0.219474225	4.556343693
434	28.1	18235	20	0.225492714	4.434733096
434	28.42	18032	23	0.228060602	4.384799437
437	3.95	17342	25	0.064163884	15.58509142
437	3.97	18827	30	0.064488765	15.50657711
437	4.2	17323	46	0.068224889	14.65740741
437	4.47	18671	77	0.072610775	13.77206065
437	4.48	18617	79	0.072773215	13.74131944
437	4.6	18444	93	0.074722498	13.38285024
437	4.81	18668	117	0.078133742	12.7985678
437	5.04	18550	146	0.081869867	12.21450617
437	5.05	17341	147	0.082032308	12.19031903
437	5.07	17345	148	0.082357188	12.14223099
437	5.15	17340	153	0.08365671	11.95361381
437	5.3	18487	167	0.086093313	11.61530398
437	5.35	18446	175	0.086905514	11.50674974
437	5.37	18523	179	0.087230394	11.46389406
437	5.45	18496	190	0.088529916	11.29561672
437	5.67	17347	201	0.092103601	10.85733882
437	5.83	18825	213	0.094702644	10.55936726
437	5.85	17860	215	0.095027525	10.52326686
440	6.02	18650	5	0.059387243	16.83863313
440	6.03	18718	8	0.059485893	16.81070836
440	6.14	18339	46	0.060571042	16.50953932
440	6.24	18599	54	0.061557541	16.24496337
440	6.28	18501	57	0.061952141	16.14149227
440	6.4	18652	72	0.06313594	15.83883929
440	6.6	18257	91	0.065108938	15.35887446
440	7	18853	118	0.069054934	14.48122449
440	7.38	18236	135	0.07280363	13.73557878
440	7.48	18520	143	0.073790129	13.55194805
440	7.95	18268	162	0.078426675	12.7507637
440	8.15	18542	167	0.080399673	12.43786152
440	9.44	18329	195	0.093125511	10.73819613
440	9.98	18498	201	0.098452606	10.15717149
447	12.5	18664	1	0.253421186	3.946
447	14.98	18412	6	0.303699949	3.292723632
451	12	18016	1	0.16800252	5.952291667
451	12.75	18029	6	0.178502678	5.602156863
451	14.38	18607	13	0.20132302	4.967141864
451	14.96	18031	19	0.209443142	4.774565508
452	15.73	18312	2	0.209521816	4.772772682
452	16.17	17318	6	0.215382566	4.642901316
452	16.43	18381	9	0.218845737	4.569428745
452	16.48	17330	10	0.219511731	4.555565187
452	16.96	18621	16	0.225905277	4.426634097
452	16.98	17333	17	0.226171674	4.421420158
452	17.61	17851	24	0.234563203	4.263243287
453	9.8	17970	3	0.252273897	3.963945578
453	9.95	17339	4	0.256135233	3.904187605
453	11.09	18022	8	0.28548138	3.502855425
455	26.7	17326	8	0.360606142	2.773108614
455	27.02	18326	9	0.364928014	2.740266469
455	27.2	18314	12	0.367359066	2.722132353
455	27.6	17328	13	0.372761406	2.682681159
455	27.62	18335	14	0.373031523	2.680738595
458	18.47	17836	4	0.205142445	4.874661613
458	19.13	17337	16	0.212472927	4.706481965
458	19.32	17589	19	0.214583218	4.660196687
458	19.44	18697	21	0.215916033	4.631430041
458	19.53	18659	24	0.216915644	4.610087046
458	19.55	17336	25	0.21713778	4.605370844
458	20.5	18767	34	0.227689232	4.39195122
458	20.54	18685	37	0.228133504	4.383398247
458	20.55	18704	38	0.228244572	4.381265207
458	21.1	17319	45	0.234353307	4.267061611
458	21.2	18580	48	0.235463986	4.246933962
458	21.5	17983	55	0.238796024	4.187674419
458	21.7	18528	58	0.241017382	4.149078341
458	21.85	18786	60	0.242683401	4.120594966
458	22.23	18836	65	0.246903982	4.050157445
458	22.28	17327	66	0.247459321	4.041068223
458	22.8	18576	73	0.253234853	3.948903509
458	22.85	18068	74	0.253790193	3.940262582
458	23.65	17640	82	0.262675626	3.806976744
458	23.8	18742	84	0.264341645	3.782983193
459	24.47	18615	6	0.180964354	5.525950143
459	25.12	17324	9	0.185771336	5.382961783
459	25.75	18343	12	0.19043041	5.251262136
459	26.05	17814	15	0.192649016	5.190786948
459	26.75	18614	17	0.197825765	5.054953271
484	12.7	18296	4	0.368187089	2.716010499
484	13.35	18237	5	0.38703131	2.583770287
484	14.5	18238	8	0.420371086	2.378850575
487	3.8	18843	12	0.068047145	14.69569378
487	4.14	18084	21	0.074135573	13.48880105
487	4.29	18086	24	0.076821645	13.01716465
487	4.34	18431	25	0.077717002	12.86719732
487	4.6	17364	37	0.082372859	12.13992095
487	4.74	18429	42	0.084879859	11.78135788
487	4.95	18579	52	0.088640359	11.2815427
487	5	18432	59	0.089535717	11.16872727
487	5.1	18605	64	0.091326431	10.94973262
487	5.35	17559	73	0.095803217	10.43806287
487	5.89	18693	115	0.105473074	9.481092761
490	6.2	18376	22	0.06852307	14.59362519
490	6.3	18258	38	0.069628281	14.36198035
490	6.35	18083	47	0.070180886	14.24889389
490	6.37	17360	49	0.070401928	14.20415639
490	6.42	18368	57	0.070954534	14.09353212
490	6.5	18428	66	0.071838702	13.92007326
490	6.67	18852	79	0.073717561	13.56528878
490	6.7	18723	85	0.074049124	13.50454869
490	6.71	17348	88	0.074159645	13.48442268
490	6.75	18092	90	0.074601729	13.40451499
490	6.85	17558	98	0.07570694	13.20882864
490	6.98	18088	112	0.077143714	12.96281894
490	6.98	18098	113	0.077143714	12.96281894
490	7.02	18516	120	0.077585799	12.88895672
490	7.12	18499	132	0.078691009	12.70793205
490	7.47	18710	158	0.082559247	12.11251355
490	8.11	18091	195	0.089632596	11.15665551
490	8.33	18085	207	0.09206406	10.86200194
490	8.49	17362	217	0.093832397	10.6572999
490	8.55	18087	220	0.094495524	10.58251184
490	9.03	18414	234	0.099800536	10.01998629
494	10.15	17433	4	0.164559014	6.076847291
494	11.35	18560	24	0.184014267	5.434361233
494	11.4	17561	25	0.184824903	5.410526316
494	11.45	18745	26	0.185635538	5.386899563
494	11.5	17556	27	0.186446174	5.363478261
494	11.5	17560	28	0.186446174	5.363478261
494	11.68	18736	29	0.189364462	5.280821918
498	12.45	17555	3	0.2509385	3.985040161
498	14.14	18522	19	0.285001638	3.508751768
498	14.2	18401	20	0.28621098	3.493926056
498	14.34	18721	22	0.289032778	3.459815202
498	14.45	18754	23	0.291249906	3.433477509
498	14.48	18354	24	0.291854577	3.42636395
498	14.98	18540	25	0.301932428	3.311999332
498	15.05	18231	26	0.303343327	3.296594684
506	9.51	18557	3	0.101387279	9.863170347
506	10.19	18090	4	0.108636842	9.204980373
506	12.26	17654	10	0.130705367	7.650795269
506	12.97	18095	24	0.138274764	7.231977641
506	13.06	17676	26	0.139234265	7.182140123
506	13.25	17557	30	0.141259878	7.079150943
506	13.29	18097	32	0.141686323	7.057844244
506	13.33	18093	34	0.142112768	7.036665416
506	13.45	18089	41	0.143392103	6.973884758
506	13.98	18295	57	0.149042498	6.709495708
506	13.99	18096	58	0.149149109	6.704699786
506	14.06	18695	61	0.149895388	6.671319346
506	14.28	18307	70	0.152240835	6.568539916
506	14.51	17361	86	0.154692893	6.464421089
506	14.67	18407	91	0.156398673	6.393916155
506	14.97	18761	107	0.15959701	6.265781563
508	15.5	18328	2	0.223321487	4.477849462
508	18.66	17681	10	0.268850255	3.719542694
508	20.7	18279	12	0.298242244	3.352979066
522	11.5	17684	3	0.312691183	3.198043478
522	12.5	17683	6	0.339881721	2.9422
522	13.24	18562	10	0.360002719	2.777756798
522	13.6	17682	12	0.369791313	2.704227941
525	11.46	18310	18	0.057939507	17.25938045
525	12.06	17650	27	0.060972989	16.40070481
525	12.86	17658	39	0.065017632	15.38044323
525	13.78	17659	54	0.069668971	14.35359216
528	9.28	18781	2	0.159803198	6.257697044
528	12.38	17359	9	0.213185732	4.690745442
528	12.77	17355	14	0.219901599	4.547488533
528	13.02	18601	18	0.224206642	4.460171165
528	13.24	18400	19	0.22799508	4.38605956
528	13.58	18232	21	0.233849938	4.276246581
528	13.85	18315	22	0.238499385	4.192882929
534	24.18	18409	11	0.146419445	6.829693962
534	25.5	18214	18	0.154412566	6.476156863
534	25.96	17689	23	0.157198048	6.361402157
534	26.04	17344	24	0.157682479	6.341858679
534	30.25	18572	34	0.183175691	5.459239669
535	26.66	17668	2	0.434697538	2.300450113
535	27.3	17672	3	0.445132888	2.246520147
535	28.46	18690	6	0.464046959	2.154954322
537	4	18462	23	0.064607681	15.47803571
537	4.37	18459	60	0.070583892	14.16753841
537	4.58	18464	78	0.073975795	13.51793512
537	4.6	18463	79	0.074298834	13.45916149
537	4.75	18080	91	0.076721622	13.03413534
537	4.97	18541	106	0.080275044	12.4571716
537	5.22	17691	122	0.084313024	11.86056377
537	5.28	17325	127	0.085282139	11.72578463
537	5.4	17651	133	0.08722037	11.46521164
537	5.57	18205	144	0.089966196	11.11528597
537	5.59	18461	145	0.090289235	11.07551751
537	5.65	18422	151	0.09125835	10.95790139
537	5.65	18423	152	0.09125835	10.95790139
537	5.7	18830	158	0.092065946	10.86177945
540	6.02	17660	3	0.053352116	18.7433992
540	6.18	17648	14	0.054770112	18.2581332
540	6.22	18850	19	0.055124611	18.14071755
540	6.3	18460	28	0.055833609	17.91035923
540	6.4	18549	38	0.056719857	17.63050987
540	6.41	18465	40	0.056808482	17.60300517
540	6.93	17693	81	0.06141697	16.28214476
540	7	17656	83	0.062037344	16.11932331
540	7.07	18628	93	0.062657717	15.95972605
540	7.09	18651	97	0.062834967	15.91470566
540	7.17	17649	105	0.063543965	15.73713573
540	7.48	18437	121	0.066291333	15.08492823
540	7.6	17657	130	0.06735483	14.84674515
540	7.69	17694	144	0.068152453	14.67298611
540	7.8	18435	163	0.069127326	14.46605938
540	7.95	18436	193	0.070456697	14.19311486
540	9.1	18755	265	0.080648547	12.39947947
540	9.77	18243	278	0.086586407	11.54915693
540	9.89	18653	279	0.087649904	11.4090256
545	10.46	18346	8	0.128992477	7.752390057
545	10.53	18344	12	0.129855716	7.700854701
545	12.72	17354	25	0.156862745	6.375
545	13.28	18561	26	0.163768652	6.106174699
551	12.23	17352	9	0.100956181	9.905287544
551	12.6	17633	31	0.104010456	9.614417989
551	12.73	17635	44	0.10508358	9.516234616
551	12.81	17363	52	0.105743964	9.45680458
551	12.81	17632	53	0.105743964	9.45680458
551	12.93	18306	74	0.106734539	9.369038412
551	12.98	17641	86	0.107147279	9.332948125
551	12.98	18263	87	0.107147279	9.332948125
551	12.98	18726	88	0.107147279	9.332948125
551	13.05	18292	100	0.107725115	9.282886335
551	13.09	18510	102	0.108055307	9.25451999
551	13.1	17643	108	0.108137855	9.247455471
551	13.12	17642	111	0.108302951	9.23335874
551	13.18	17356	118	0.108798239	9.19132524
551	13.3	17637	138	0.109788815	9.10839599
551	13.4	17636	148	0.110614295	9.040422886
551	13.5	17357	156	0.111439774	8.97345679
551	13.78	17353	172	0.113751118	8.7911224
551	13.87	17627	178	0.11449405	8.734078347
551	13.96	17579	187	0.115236981	8.677769819
551	14.05	18511	194	0.115979913	8.622182681
551	14.15	18505	198	0.116805393	8.561248528
551	14.45	18620	217	0.119281833	8.383506344
551	14.56	18698	227	0.12018986	8.320169414
551	14.57	18757	228	0.120272408	8.314458934
551	14.77	18594	244	0.121923368	8.201873166
551	14.82	18701	247	0.122336108	8.174201529
551	14.97	18737	257	0.123574328	8.092295703
551	14.98	18213	259	0.123656876	8.086893636
551	14.99	18712	265	0.123739424	8.081498777
552	15.14	18351	3	0.186020224	5.375759577
552	15.78	18641	12	0.193883694	5.157731305
552	15.85	18332	13	0.194743761	5.134952681
552	15.9	17350	14	0.195358095	5.118805031
552	16.47	18342	22	0.202361498	4.941651488
552	16.96	17679	30	0.208381968	4.798879717
552	17.39	18776	37	0.213665237	4.680218516
552	17.52	18642	39	0.215262505	4.645490868
552	17.8	17349	45	0.218702773	4.57241573
552	17.98	17351	49	0.220914374	4.526640712
556	8.05	17655	4	0.177438711	5.635748792
556	10.46	17652	10	0.230560114	4.33726365
556	10.68	17629	13	0.23540937	4.247919268
556	10.7	17630	14	0.235850212	4.239979232
556	11.13	17634	19	0.245328304	4.07617051
556	11.42	18217	23	0.251720506	3.972660051
556	11.51	17628	27	0.253704293	3.941596679
556	11.56	17631	29	0.254806397	3.924548251
556	11.64	17653	30	0.256569763	3.89757541
558	18	18791	2	0.227678783	4.392152778
558	18.22	18760	6	0.230461524	4.3391191
558	18.86	17626	19	0.238556769	4.191874337
558	20.5	18387	39	0.259300836	3.85652439
558	20.58	18304	40	0.260312742	3.841533042
558	21.04	17663	50	0.2661312	3.757545152
558	21.58	18340	55	0.272961563	3.663519462
558	21.78	17666	58	0.275491328	3.629878329
558	21.93	18347	62	0.277388651	3.60505016
558	22.03	17664	64	0.278653533	3.588685883
558	22.17	18325	66	0.280424368	3.566023906
558	22.3	17688	68	0.282068715	3.545235426
558	22.45	17647	69	0.283966038	3.521547884
558	22.55	17669	70	0.28523092	3.505931264
558	22.8	18383	75	0.288393125	3.467489035
558	23.02	17678	78	0.291175866	3.434350565
558	23.05	17690	79	0.291555331	3.429880694
558	23.07	17646	80	0.291808307	3.426907239
558	23.25	17670	82	0.294085095	3.400376344
558	23.42	17685	85	0.296235395	3.375693851
558	23.53	17675	87	0.297626765	3.359912877
558	23.65	17674	88	0.299144623	3.342864693
558	23.68	17677	89	0.299524088	3.338629645
558	23.7	17667	90	0.299777065	3.335812236
559	24	18283	1	0.212062306	4.715595238
559	24.63	18298	3	0.217628941	4.594977089
559	24.72	18248	5	0.218424175	4.578247804
559	25.45	17680	11	0.224874404	4.446926747
559	26.2	18558	16	0.231501351	4.319629226
559	26.7	18252	19	0.235919315	4.238737293
559	27.48	18277	23	0.24281134	4.118423789
587	4.18	18777	13	0.041462875	24.11796099
587	5.06	17910	60	0.050191901	19.92353299
587	5.18	18416	75	0.051382223	19.46198396
587	5.2	18455	76	0.05158061	19.38713018
587	5.2	18538	77	0.05158061	19.38713018
587	5.29	18448	86	0.052473351	19.05729242
587	5.32	17914	90	0.052770932	18.94982649
587	5.37	17916	92	0.053266899	18.7733849
587	5.71	18452	141	0.056639477	17.65553011
587	5.78	18787	153	0.057333832	17.44170881
587	5.83	18451	186	0.057829799	17.29212297
587	5.85	17775	188	0.058028186	17.2330046
587	5.87	17378	198	0.058226573	17.17428908
590	6.05	18391	25	0.055567964	17.99598047
590	6.11	17388	48	0.056119052	17.81926053
590	6.11	18447	49	0.056119052	17.81926053
590	6.19	18219	63	0.056853835	17.58896314
590	6.28	18449	98	0.057680465	17.33689201
590	6.3	17368	106	0.057864161	17.28185426
590	6.45	17772	169	0.059241879	16.87995067
590	6.55	17385	221	0.060160358	16.6222415
590	6.6	17774	235	0.060619597	16.49631543
590	6.62	17376	239	0.060803293	16.44647762
590	6.68	17915	251	0.06135438	16.29875476
590	6.7	18837	258	0.061538076	16.25010176
590	6.79	18840	270	0.062364707	16.03471014
590	6.88	17911	282	0.063191338	15.82495375
590	7.03	17917	316	0.064569056	15.48729471
590	7.1	17909	328	0.065211991	15.33460307
590	7.15	17377	336	0.065671231	15.22736809
590	7.27	18399	353	0.066773405	14.97602226
590	7.3	17379	358	0.067048949	14.91447696
590	7.36	18218	370	0.067600036	14.79289155
590	7.38	18450	374	0.067783732	14.75280241
590	7.45	18854	382	0.068426667	14.61418548
590	7.48	18360	385	0.06870221	14.55557244
590	7.49	18355	387	0.068794058	14.53613909
590	7.51	18587	397	0.068977754	14.49742767
590	7.81	18554	437	0.07173319	13.94054825
590	7.81	18555	438	0.07173319	13.94054825
590	7.82	17386	439	0.071825038	13.92272146
590	7.85	17370	445	0.072100582	13.86951361
590	8	17908	461	0.0734783	13.60946023
590	8.02	17922	463	0.073661996	13.57552142
590	8.55	17989	506	0.078529933	12.73399787
590	8.65	17770	512	0.079448412	12.58678403
590	8.91	18606	529	0.081836457	12.21949291
590	9.02	17582	538	0.082846783	12.0704747
590	9.02	18215	539	0.082846783	12.0704747
590	9.15	18208	549	0.084040806	11.89898162
590	9.5	17520	569	0.087255481	11.46059809
590	9.57	17776	573	0.087898416	11.37676926
590	9.66	18803	595	0.088725047	11.27077452
590	9.68	17777	596	0.088908743	11.24748779
590	9.73	17387	605	0.089367982	11.18968981
590	9.74	17374	606	0.08945983	11.17820142
590	9.95	18735	641	0.091388635	10.94227958
595	10.5	18324	31	0.079002809	12.65777778
595	10.7	17367	42	0.080507624	12.4211838
595	10.85	17919	51	0.081636236	12.24946237
595	11	17920	59	0.082764848	12.08242424
595	11.05	18006	62	0.083141051	12.02775264
595	11.4	18299	79	0.085774478	11.65847953
595	11.55	17372	85	0.08690309	11.50707071
595	11.65	17392	89	0.087655498	11.40829757
595	11.9	17373	103	0.089536517	11.16862745
596	12.08	17375	7	0.090458433	11.05480132
596	12.11	18316	9	0.090683081	11.02741536
596	12.15	17381	10	0.090982612	10.99111111
596	12.4	18276	21	0.092854682	10.76951613
596	12.6	18349	36	0.094352339	10.59857143
596	12.65	18353	39	0.094726753	10.55667984
596	12.8	17921	44	0.095849995	10.43296875
596	12.84	17391	47	0.096149526	10.40046729
596	13.75	18371	83	0.102963862	9.712145455
596	14.21	18604	90	0.106408471	9.397748065
598	20	17480	8	0.274010138	3.6495
598	21.41	18741	10	0.293327853	3.409154601
598	21.65	18743	11	0.296615975	3.371362587
601	12	17773	1	0.106387694	9.399583333
601	12.89	17390	14	0.114278115	8.750581846
601	13.67	17380	32	0.121193315	8.251280176
601	13.77	17859	33	0.122079879	8.191358025
601	14.9	17639	47	0.132098054	7.570134228
601	14.95	18748	50	0.132541336	7.544816054
602	15.49	18625	4	0.234023266	4.273079406
602	17.12	17389	10	0.258649343	3.866238318
602	17.15	17993	11	0.259102583	3.859475219
602	17.8	17383	15	0.268922798	3.718539326
606	9.16	17369	2	0.191045606	5.234352256
606	11.69	17371	8	0.24381257	4.101511263
606	11.93	17382	13	0.248818131	4.018999721
608	18.57	17912	3	0.255179785	3.91880572
608	18.88	17771	7	0.259439652	3.854460923
608	18.89	17988	8	0.259577067	3.852420446
608	19.78	17671	12	0.271807008	3.679081002
608	19.91	18808	13	0.273593404	3.655058876
608	21.15	17913	21	0.290632873	3.440767008
608	22.12	18575	27	0.303962135	3.289883464
608	22.5	18677	30	0.309183907	3.234320988
608	23	17577	31	0.316054661	3.164009662
609	25.15	17393	2	0.245735742	4.069412099
609	26.32	18531	8	0.257167583	3.88851498
609	27.1	18649	11	0.264788811	3.776594623
609	27.45	17366	12	0.268208593	3.728441322
609	28.15	18553	17	0.275048156	3.635726973
609	29.7	18667	25	0.290192904	3.445983646
609	29.98	18686	26	0.292928729	3.413799676
628	18.3	18644	1	0.167909714	5.955581577
628	20.55	17481	12	0.188554351	5.303510601
628	21.5	18274	15	0.197270976	5.069169435
628	21.8	17484	19	0.200023594	4.999410223
628	21.9	17479	20	0.200941133	4.976581866
628	24.5	17483	31	0.224797158	4.44845481
628	26.53	18271	34	0.243423209	4.108071725
629	12.3	17488	5	0.084963821	11.76971545
629	12.5	18356	8	0.086345347	11.5814
629	13.15	17490	19	0.090835305	11.00893536
629	13.61	18410	23	0.094012814	10.63684791
630	15.08	18039	1	0.271858662	3.678381963
630	16.45	18313	5	0.296556697	3.372036474
630	17.6	17460	9	0.317288624	3.151704545
632	12.8	17467	2	0.368292332	2.715234375
632	13.47	17466	3	0.387570134	2.580178174
632	15.91	17470	5	0.45777586	2.184475173
632	17.25	18321	6	0.496331463	2.014782609
632	18.08	17472	8	0.520212919	1.922289823
632	18.54	18756	9	0.533448425	1.874595469
632	22.75	17489	11	0.654582075	1.527692308
637	4.27	18415	10	0.050757801	19.70140515
637	4.7	18491	28	0.055869242	17.89893617
637	4.9	18433	41	0.058246657	17.16836735
637	4.96	18490	50	0.058959881	16.96068548
637	5	18780	55	0.059435364	16.825
637	5.4	17474	96	0.064190193	15.5787037
637	5.52	17600	105	0.065616642	15.24003623
637	5.66	18209	110	0.067280832	14.8630742
640	6.21	17599	16	0.088416462	11.31011103
640	6.26	18563	20	0.08912835	11.21977468
640	6.4	17601	37	0.091121635	10.97434211
640	6.48	18042	43	0.092260656	10.8388564
640	6.5	17473	45	0.092545411	10.80550607
640	6.51	18419	48	0.092687789	10.78890775
640	7.3	17602	83	0.103935615	9.621341024
640	7.3	18420	87	0.103935615	9.621341024
640	7.35	17475	92	0.104647503	9.555889724
640	7.4	18817	97	0.105359391	9.491322902
640	7.52	18370	104	0.107067922	9.339865622
640	7.7	17875	109	0.109630718	9.1215311
640	8.45	17624	128	0.120309034	8.311927748
640	8.53	17625	132	0.121448055	8.233972975
640	8.88	17482	142	0.126431269	7.909435752
640	9.35	17454	154	0.133123014	7.511849142
640	9.52	17458	157	0.135543433	7.377708978
640	9.8	18546	166	0.139530004	7.166917293
640	9.9	17463	170	0.14095378	7.094524189
645	10	17456	3	0.088258332	11.330375
645	10.4	17457	18	0.091788665	10.89459135
645	10.44	18040	22	0.092141699	10.85284962
645	10.55	18041	28	0.09311254	10.73969194
645	10.6	18733	30	0.093553832	10.68903302
645	10.7	17455	32	0.094436415	10.58913551
645	11.44	17459	66	0.100967532	9.904173951
645	11.83	17486	81	0.104409607	9.577662722
646	13.1	17465	10	0.08717835	11.47073791
646	13.8	18632	20	0.091836735	10.88888889
646	14.99	18357	33	0.099755989	10.02446075
648	15.15	18663	1	0.165020696	6.059845985
648	18.01	18582	9	0.196173117	5.097538405
648	22.2	18631	14	0.241812505	4.135435435
656	11.45	17464	2	0.330638175	3.024454148
656	12.95	18627	4	0.37395322	2.674131274
656	14.46	18592	7	0.417557031	2.394882434
657	15.55	17462	1	0.404421326	2.47266881
657	15.8	17468	2	0.410923277	2.433544304
657	16.4	17487	4	0.426527958	2.344512195
658	19.5	17461	3	0.304719242	3.281709402
658	20.43	17471	4	0.319252005	3.132321749
658	21.7	18394	6	0.339097823	2.949001536
665	11.45	17793	5	0.213486638	4.684133916
665	11.8	17611	9	0.22001243	4.54519774
665	11.91	18809	13	0.222063393	4.503218584
667	12.1	17478	2	0.095266214	10.49690083
667	13.39	17778	24	0.105422695	9.4856236
667	13.58	18674	26	0.10691861	9.352908689
667	19.3	17621	38	0.151953548	6.580958549
676	11.07	17790	4	0.190015735	5.262722072
676	12.9	18654	8	0.22142755	4.516149871
676	12.95	17476	9	0.222285796	4.498712999
676	13.38	18656	11	0.229666714	4.354135526
676	16.36	17799	21	0.280818195	3.56102282
676	17.9	17801	24	0.307252181	3.254655493
679	13.22	18282	12	0.188162733	5.314548664
679	13.4	17794	15	0.190724706	5.243159204
679	15.4	18645	24	0.219191081	4.562229437
679	15.55	18661	25	0.221326059	4.518220793
679	15.55	18683	26	0.221326059	4.518220793
679	17.01	18211	28	0.242106512	4.130413482
683	18.98	17876	2	0.149814508	6.674920969
683	27.52	18337	10	0.217223143	4.603561047
687	4	18489	58	0.044967985	22.23804348
687	4.1	18424	66	0.046092184	21.69565217
687	4.4	18483	121	0.049464783	20.21640316
687	4.53	18773	150	0.050926243	19.63624148
687	4.72	18488	192	0.053062222	18.84579956
687	4.72	18802	193	0.053062222	18.84579956
687	4.75	18229	196	0.053399482	18.72677346
687	4.77	18799	199	0.053624322	18.64825449
687	4.82	17781	207	0.054186422	18.45480787
687	5	18154	228	0.056209981	17.79043478
687	5	18485	230	0.056209981	17.79043478
687	5.02	18716	233	0.056434821	17.71955656
687	5.05	17802	240	0.056772081	17.61429186
687	5.13	18484	253	0.05767144	17.33960505
687	5.36	17786	300	0.0602571	16.59555483
687	5.42	17803	313	0.060931619	16.41184021
687	5.5	17780	322	0.061830979	16.17312253
687	5.6	18158	342	0.062955179	15.88431677
687	5.6	18225	343	0.062955179	15.88431677
687	5.62	18234	347	0.063180019	15.82778895
687	5.76	18798	380	0.064753898	15.44308575
687	5.84	18242	393	0.065653258	15.23153663
687	5.9	17783	403	0.066327778	15.07663965
690	6	18482	21	0.050237845	19.9053125
690	6.1	18157	47	0.051075142	19.5789959
690	6.28	17623	94	0.052582278	19.01781449
690	6.36	18797	114	0.053252115	18.7785967
690	6.4	17848	122	0.053587034	18.66123047
690	6.4	18413	125	0.053587034	18.66123047
690	6.45	17617	132	0.054005683	18.51656977
690	6.74	17609	192	0.056433846	17.71986276
690	6.9	17608	218	0.057773522	17.30896739
690	6.98	17615	237	0.058443359	17.11058381
690	7.15	17620	266	0.059866765	16.70375874
690	7.2	17618	274	0.060285414	16.58776042
690	7.34	17616	304	0.06145763	16.27137262
690	7.35	18151	309	0.06154136	16.24923469
690	7.84	17607	383	0.065644117	15.23365753
690	8	17614	396	0.066983793	14.92898438
690	8.07	18210	404	0.067569901	14.79948885
690	8.16	18832	413	0.068323469	14.63625919
690	8.25	18570	419	0.069077037	14.47659091
690	8.4	17606	436	0.070332983	14.21808036
690	8.46	18845	439	0.070835361	14.11724291
690	8.5	17622	442	0.07117028	14.05080882
690	8.7	18378	453	0.072844875	13.72780172
690	8.91	18801	472	0.0746032	13.40425084
690	9	18251	478	0.075356767	13.27020833
690	9.09	18829	483	0.076110335	13.13882013
690	9.21	18152	492	0.077115092	12.96763029
690	9.25	17605	494	0.077450011	12.91155405
690	9.53	18751	504	0.079794443	12.53220094
690	9.67	17612	509	0.08096666	12.35076267
690	9.74	18517	514	0.081552768	12.26199949
690	9.92	17788	521	0.083059903	12.03950353
695	10.4	18264	14	0.08389916	11.91907051
695	10.8	18212	24	0.08712605	11.47762346
695	10.95	18224	35	0.088336134	11.32039574
695	11	17782	37	0.088739496	11.26893939
695	11.25	18385	51	0.090756303	11.01851852
695	11.38	17619	55	0.091805042	10.89264792
696	12.8	18622	13	0.125085508	7.99453125
696	13.6	17477	28	0.132903352	7.524264706
696	13.73	18556	31	0.134173752	7.453022578
696	13.8	17604	32	0.134857813	7.415217391
696	14.31	18598	42	0.139841689	7.150943396
696	14.32	18706	43	0.139939412	7.145949721
696	14.95	18768	48	0.146095964	6.844816054
698	15.2	18647	2	0.20447972	4.890460526
698	16.66	18746	6	0.224120535	4.461884754
704	13.4	17796	15	0.099167438	10.08395522
704	14.06	17785	24	0.104051804	9.61059744
704	14.43	17902	27	0.106790009	9.364171864
704	14.45	18285	28	0.10693802	9.351211073
705	15.43	18119	4	0.207364602	4.82242385
705	15.61	17797	6	0.209783631	4.766816143
705	16.3	17784	9	0.219056578	4.565030675
705	17.62	17792	15	0.23679613	4.223041998
708	18.8	17800	5	0.153214239	6.526808511
708	18.85	18534	6	0.153621724	6.509496021
708	20.4	17613	17	0.166253749	6.014901961
708	21.76	17791	21	0.177337332	5.638970588
708	23.25	17798	24	0.189480376	5.277591398
728	18.31	18141	2	0.352952516	2.833242308
728	18.77	18145	3	0.361819701	2.763807494
728	19.75	18216	6	0.38071066	2.626666667
728	22.37	18143	12	0.431215061	2.319028461
728	22.68	18616	13	0.437190773	2.287330982
728	23.13	18136	14	0.445865193	2.242830379
729	12.1	18116	3	0.199795251	5.005123967
729	12.98	18692	13	0.214325815	4.665793529
729	13.21	18144	15	0.218123576	4.584557154
729	14.85	18061	21	0.245203263	4.078249158
729	14.94	18711	22	0.246689343	4.053681392
730	15	18630	1	0.453754821	2.203833333
730	16.44	18239	4	0.497315284	2.010796837
730	16.45	17866	5	0.497617787	2.009574468
730	17.1	18064	6	0.517280496	1.933187135
732	13.4	18149	6	0.412383825	2.424925373
732	13.42	18124	7	0.412999323	2.421311475
732	13.55	18128	8	0.417000062	2.398081181
732	14.77	17769	9	0.454545455	2.2
732	14.77	18676	10	0.454545455	2.2
733	17.72	17891	2	0.199319479	5.017071106
733	18.19	17896	4	0.20460617	4.887438153
733	19.98	17779	10	0.224740587	4.449574575
733	21.93	17886	17	0.246674728	4.053921569
734	25.51	18108	2	0.40131096	2.491833268
734	27.3	18193	4	0.429470372	2.328449328
734	27.94	17895	5	0.439538542	2.275113338
735	18.2	17795	2	0.430463576	2.323076923
735	23	18107	5	0.543992431	1.83826087
735	23.85	18055	6	0.5640965	1.772746331
737	3.8	18453	4	0.067653673	14.78116343
737	4.41	18497	26	0.078513868	12.73660341
737	4.45	18150	30	0.079226012	12.62211709
737	4.57	18043	37	0.081362444	12.29068294
737	4.8	17878	52	0.085457271	11.70175439
737	5	18047	76	0.089017991	11.23368421
737	5.02	18454	81	0.089374063	11.1889285
737	5.07	18859	87	0.090264243	11.07858403
737	5.2	18411	98	0.092578711	10.80161943
737	5.21	18848	100	0.092756747	10.78088696
737	5.3	18155	112	0.09435907	10.59781529
737	5.35	18426	116	0.09524925	10.49877029
737	5.4	18256	122	0.09613943	10.40155945
737	5.43	18130	128	0.096673538	10.34409227
737	5.6	18479	154	0.09970015	10.03007519
737	5.8	18118	173	0.10326087	9.684210526
737	5.85	18369	183	0.104151049	9.601439496
737	5.9	18398	195	0.105041229	9.520071365
737	5.98	17881	206	0.106465517	9.392712551
740	6.05	18070	13	0.06874509	14.54649351
740	6.1	18477	23	0.069313231	14.42725995
740	6.15	18142	33	0.069881372	14.30996516
740	6.15	18494	36	0.069881372	14.30996516
740	6.39	18127	72	0.07260845	13.77250168
740	6.45	18476	84	0.07329022	13.64438538
740	6.58	18046	99	0.074767387	13.37481546
740	6.73	17787	124	0.07647181	13.07671407
740	6.75	17540	125	0.076699067	13.03796825
740	6.77	18153	129	0.076926323	12.99945136
740	6.78	18384	131	0.077039952	12.98027813
740	6.79	18129	132	0.07715358	12.96116137
740	6.8	18044	135	0.077267208	12.94210084
740	6.8	18230	138	0.077267208	12.94210084
740	6.9	18478	151	0.078403491	12.75453416
740	7	18135	161	0.079539773	12.57232653
740	7.21	18388	188	0.081925966	12.20614226
740	7.4	18772	206	0.084084903	11.89274131
740	7.55	18060	223	0.085789327	11.65646168
740	7.6	18065	232	0.086357468	11.57977444
740	7.8	17898	250	0.088630033	11.28285714
740	7.93	18305	263	0.0901072	11.09789227
740	8.31	18223	298	0.094425074	10.59040743
740	8.42	17573	307	0.095674984	10.45205294
740	8.52	17749	320	0.096811267	10.32937626
740	8.53	18069	321	0.096924895	10.31726679
740	8.54	18856	322	0.097038523	10.30518568
740	8.59	18050	326	0.097606664	10.24520206
740	8.6	18071	328	0.097720293	10.23328904
740	8.6	18858	329	0.097720293	10.23328904
740	8.73	18857	338	0.09919746	10.08090329
740	8.75	18045	340	0.099424716	10.05786122
740	9.3	18379	379	0.10567427	9.463041475
740	9.32	18255	381	0.105901527	9.442734519
740	9.7	18227	401	0.1102194	9.07281296
745	10.43	17901	19	0.089374464	11.18887824
745	10.47	18860	20	0.089717224	11.14613181
745	10.5	17899	23	0.089974293	11.11428571
745	10.5	18120	24	0.089974293	11.11428571
745	10.77	17865	35	0.092287918	10.8356546
745	10.8	18146	37	0.092544987	10.80555556
745	10.94	18506	44	0.093744644	10.66727605
746	12.15	18058	3	0.203487764	4.914300412
746	12.68	18121	13	0.212364184	4.708891956
746	12.97	18585	18	0.217221094	4.603604472
746	13	18113	20	0.217723533	4.592980769
746	13.02	18066	21	0.218058492	4.585925499
746	13.9	18790	28	0.232796701	4.295593525
746	14.47	18072	32	0.24234304	4.12638217
746	14.95	18637	34	0.250382063	3.993896321
754	12.6	18053	8	0.176465292	5.666836735
754	12.7	18049	11	0.17786581	5.622215973
754	13.07	17871	19	0.183047728	5.463056072
754	13.32	17906	26	0.186549023	5.360521236
754	13.5	17789	32	0.189069956	5.289047619
754	13.64	18308	37	0.191030681	5.234761207
754	13.9	17868	43	0.194672029	5.13684481
754	14.13	17905	47	0.19789322	5.053230209
754	14.45	18578	54	0.202374879	4.941324765
754	14.6	18766	61	0.204475656	4.89055773
754	14.82	17872	67	0.207556796	4.817958357
754	14.95	17578	70	0.20937747	4.776063067
754	14.96	17874	71	0.209517521	4.772870512
754	14.97	18782	73	0.209657573	4.769682222
755	15	17903	2	0.286057792	3.495797101
755	15.09	17869	4	0.287774139	3.474947417
755	15.42	18054	10	0.29406741	3.400580838
755	16.1	18794	20	0.307035363	3.256953821
755	16.15	18063	22	0.307988889	3.246870373
755	16.36	17861	25	0.311993698	3.205192941
755	16.65	17879	30	0.317524149	3.149366758
755	16.7	18125	31	0.318477675	3.139937516
755	16.81	17880	33	0.320575432	3.119390632
755	16.81	17884	34	0.320575432	3.119390632
755	16.97	18131	38	0.323626715	3.08997976
755	17.34	18591	46	0.330682808	3.024045936
755	17.46	18048	49	0.33297127	3.003262115
755	17.54	17882	53	0.334496911	2.989564226
755	17.6	18112	54	0.335641143	2.97937253
755	17.65	17822	56	0.336594669	2.970932381
755	17.7	18057	58	0.337548195	2.962539916
755	17.73	18148	59	0.33812031	2.957527159
755	17.74	18111	60	0.338311015	2.955860007
755	17.8	17934	62	0.339455246	2.945896434
755	17.85	18056	66	0.340408772	2.937644623
755	17.88	18059	69	0.340980888	2.932715689
755	17.95	18137	70	0.342315824	2.921278915
756	9.47	17867	1	0.300650828	3.326117564
756	10.18	17485	2	0.323191703	3.094138834
756	11.05	17904	8	0.350812212	2.850527903
756	11.05	18147	9	0.350812212	2.850527903
756	11.71	18793	13	0.371765702	2.689866211
756	11.86	18770	16	0.376527859	2.655845981
758	18.15	17885	6	0.268019659	3.731069589
758	18.2	17870	8	0.268758005	3.720819398
758	18.4	18114	9	0.27171139	3.680375709
758	18.48	17887	10	0.272892744	3.664443347
758	18.68	18126	14	0.275846129	3.625209478
758	18.71	18300	17	0.276289136	3.619396742
758	18.9	17873	19	0.279094852	3.583011272
758	18.94	17883	22	0.279685529	3.575444194
758	19.1	18067	27	0.282048236	3.54549283
758	19.2	17888	32	0.283524929	3.527026721
758	19.25	18115	33	0.284263275	3.517865613
758	19.4	18122	36	0.286478313	3.490665621
758	19.71	17897	43	0.29105606	3.435764234
758	19.9	18117	46	0.293861775	3.402960454
758	19.9	18132	47	0.293861775	3.402960454
758	20	18052	50	0.295338468	3.385945652
758	20	18521	51	0.295338468	3.385945652
758	20.15	18245	54	0.297553506	3.360740101
758	20.28	18156	56	0.299473206	3.339196896
758	20.4	18133	60	0.301245237	3.319554561
758	20.47	18785	63	0.302278922	3.308202884
758	20.78	17889	78	0.306856668	3.258850483
758	21.2	17332	91	0.313058776	3.194288351
758	21.3	17592	95	0.314535468	3.179291692
758	21.34	18813	96	0.315126145	3.173332383
758	21.38	18365	98	0.315716822	3.167395372
758	21.4	17863	100	0.31601216	3.164435189
758	21.4	18123	101	0.31601216	3.164435189
758	21.6	18139	103	0.318965545	3.135134863
758	21.65	17811	104	0.319703891	3.127894367
758	21.75	17662	107	0.321180583	3.113513243
758	21.8	17856	110	0.32191893	3.106372158
758	21.88	18519	112	0.323100283	3.095014307
758	21.98	18138	116	0.324576976	3.080933259
758	22.05	18140	118	0.32561066	3.071152519
758	22.08	17893	119	0.326053668	3.066979757
758	22.1	18062	120	0.326349007	3.06420421
758	22.34	18106	123	0.329893068	3.031285275
758	22.4	17832	125	0.330779084	3.023165761
758	22.45	18639	127	0.33151743	3.016432652
758	22.7	18262	130	0.335209161	2.983212028
758	22.85	18051	133	0.337424199	2.96362858
758	22.86	18603	134	0.337571868	2.962332154
758	23.7	18226	147	0.349976084	2.857338103
758	23.86	17854	149	0.352338792	2.838177412
758	23.86	18020	150	0.352338792	2.838177412
759	24.19	17743	2	0.355801303	2.810557446
759	24.31	18731	4	0.357566336	2.796683859
759	24.5	18280	8	0.360360972	2.77499529
759	24.52	18596	10	0.360655144	2.772731836
759	24.65	17864	11	0.362567264	2.758108909
759	25.11	17813	16	0.369333225	2.707582024
759	25.24	17843	18	0.371245344	2.693636474
759	25.24	18687	19	0.371245344	2.693636474
759	25.35	18539	21	0.372863291	2.681948111
759	25.42	17746	22	0.373892894	2.674562731
759	25.6	18110	23	0.376540444	2.655757212
759	25.86	17833	26	0.380364683	2.629055863
759	26.12	18317	28	0.384188922	2.602886088
759	26.29	17744	33	0.386689386	2.586054949
759	26.36	18688	36	0.387718989	2.57918758
759	26.55	18722	40	0.390513625	2.560730117
759	27.05	17673	47	0.39786793	2.513396843
759	27.05	17742	48	0.39786793	2.513396843
759	27.43	17748	52	0.403457202	2.478577638
759	27.72	18633	58	0.4077227	2.452647353
759	27.73	18023	62	0.407869786	2.451762878
759	27.73	18033	63	0.407869786	2.451762878
759	27.8	18758	64	0.408899389	2.445589375
759	27.9	17741	65	0.41037025	2.436823821
759	28.1	18352	67	0.413311972	2.41947988
759	28.45	18589	69	0.418459986	2.389714749
759	28.84	18548	72	0.424196344	2.357398912
759	29.01	17745	74	0.426696808	2.34358444
759	29.03	17731	77	0.42699098	2.341969846
759	29.06	17585	78	0.427432239	2.33955212
759	29.26	18724	82	0.430373961	2.32356065
759	29.26	18734	83	0.430373961	2.32356065
759	29.27	18619	84	0.430521047	2.322766813
759	29.49	18017	87	0.433756941	2.30543861
759	29.55	18445	89	0.434639458	2.300757517
759	29.57	17730	91	0.43493363	2.299201374
759	29.81	18303	99	0.438463697	2.280690527
759	29.9	18643	101	0.439787472	2.273825572
759	30.18	18629	102	0.443905883	2.252729775
759	30.18	18640	103	0.443905883	2.252729775
759	30.46	18518	105	0.448024294	2.232021819
759	30.68	17735	106	0.451260189	2.216016448
759	31.6	18207	111	0.464792111	2.151499513
759	31.88	18134	114	0.468910522	2.132603031
759	31.9	17723	115	0.469204694	2.131265975
759	31.95	18281	116	0.469940125	2.127930661
759	32.2	17738	117	0.473617277	2.11140946
759	32.31	17727	120	0.475235225	2.104221127
759	32.31	17729	121	0.475235225	2.104221127
759	32.5	17734	122	0.478029861	2.091919527
759	32.64	18011	123	0.480089066	2.082946833
759	32.73	17722	124	0.481412841	2.077219206
759	32.79	17736	127	0.482295358	2.073418256
759	32.79	18038	128	0.482295358	2.073418256
759	32.8	17726	129	0.482442444	2.072786116
759	32.96	17739	135	0.484795822	2.062724048
759	32.97	17725	136	0.484942908	2.062098411
759	33.14	17728	139	0.487443372	2.051520357
759	33.14	17747	140	0.487443372	2.051520357
759	33.15	17927	141	0.487590458	2.050901497
759	33.3	17724	142	0.48979675	2.041663202
759	34.69	17740	148	0.510241719	1.959855423
759	35.8	17732	150	0.526568277	1.899088956
759	36.5	17737	151	0.536864305	1.862668072
759	37.99	17733	152	0.558780136	1.789612651
761	23.07	17638	4	0.435714623	2.295080191
761	23.79	17894	6	0.449312999	2.225620008
761	23.95	17890	7	0.45233486	2.210751566
761	26.43	17892	8	0.49917371	2.003310632
784	15.31	18670	5	0.149639585	6.68272371
784	16.93	18666	7	0.165473427	6.043266391
784	25.36	17907	17	0.247868051	4.034404574
784	27.6	17990	19	0.269761759	3.706974638
787	4.1	18536	17	0.057508883	17.38861789
787	4.13	17580	20	0.05792968	17.26230831
787	4.32	18823	26	0.060594726	16.50308642
787	4.59	18421	43	0.064381896	15.53231663
787	5.1	18816	77	0.07153544	13.97908497
787	5.71	18810	112	0.08009164	12.48569761
787	5.75	18233	115	0.080652702	12.39884058
787	5.89	17593	122	0.08261642	12.1041313
787	5.98	18493	130	0.083878811	11.9219621
790	6.06	18291	24	0.048971016	20.42024202
790	6.1	18492	40	0.049294257	20.2863388
790	6.72	18796	112	0.054304493	18.41468254
790	7.31	18831	161	0.059072298	16.92840857
790	7.35	17598	163	0.059395539	16.83628118
790	7.35	18841	165	0.059395539	16.83628118
790	7.58	17572	181	0.061254175	16.32541777
790	7.62	18372	191	0.061577416	16.23972003
790	7.67	17591	194	0.061981468	16.13385485
790	7.85	18824	204	0.063436052	15.76390658
790	7.9	18694	211	0.063840103	15.66413502
790	8	18228	214	0.064648206	15.46833333
790	8.1	18537	222	0.065456309	15.27736626
790	8.9	17594	265	0.071921129	13.90411985
790	9	17581	268	0.072729232	13.74962963
790	9.18	18775	276	0.074183816	13.48002905
790	9.79	17590	295	0.079113242	12.64010895
790	9.9	18609	300	0.080002155	12.4996633
795	10.07	17597	2	0.149989574	6.667130089
795	10.24	17587	4	0.152521672	6.556445313
795	11.14	17586	14	0.165926897	6.026750449
795	11.54	18727	22	0.171884775	5.817850953
795	11.75	18708	26	0.17501266	5.71387234
796	12.17	17571	4	0.229639973	4.354642564
796	12.63	18714	7	0.238319873	4.196041172
796	13.25	18034	11	0.250018869	3.999698113
796	13.89	17517	18	0.262095252	3.815406767
796	14.7	18779	19	0.277379425	3.605170068
804	12.03	18194	1	0.20606372	4.85286783
804	12.43	18196	4	0.212915382	4.696701529
804	12.7	17588	6	0.217540254	4.596850394
804	13.46	18103	13	0.23055841	4.337295691
804	13.69	18532	15	0.234498116	4.264426589
804	13.72	17574	17	0.23501199	4.255102041
804	13.74	18311	18	0.235354573	4.248908297
804	14.02	18527	20	0.240150737	4.164051355
805	15.32	17537	3	0.325858402	3.068817605
805	16.01	18696	6	0.340534792	2.936557509
805	16.75	17824	12	0.356274689	2.806823028
805	16.88	17596	14	0.359039806	2.7852065
805	17.18	18197	16	0.365420845	2.736570763
805	17.39	17595	18	0.369887572	2.703524193
805	17.7	18364	19	0.376481313	2.656174334
806	9.19	18195	5	0.142663096	7.009521219
806	10.06	18192	10	0.156168743	6.40333002
806	11	18707	17	0.170761051	5.856136364
806	11.7	18725	23	0.181627663	5.505769231
809	19.8	18600	10	0.229423352	4.358754209
809	20.43	17985	13	0.236723186	4.224343286
809	20.6	18732	14	0.238692982	4.189482201
809	21.94	17862	19	0.254219613	3.933606806
809	22.84	18278	22	0.264647947	3.778604787
809	22.95	17584	23	0.265922521	3.760493827
810	18.21	18188	1	0.26124649	3.82780262
810	18.7	17900	3	0.268276187	3.72750191
810	19.53	17550	9	0.280183633	3.56908785
810	20.35	18191	12	0.291947615	3.425272025
810	21.36	17686	13	0.306437399	3.263309256
810	21.42	18187	14	0.307298178	3.254168334
810	22.65	17842	18	0.324944152	3.077451908
826	13.19	17403	27	0.076449365	13.08055345
826	13.49	17418	39	0.078188167	12.78965901
826	13.9	17405	45	0.080564531	12.41241007
826	14.55	18206	53	0.084331937	11.85790378
831	12.6	18183	21	0.039163274	25.53412698
831	12.98	17410	33	0.040344388	24.78659476
832	13	18185	10	0.054310363	18.41269231
832	13.15	17416	13	0.054937021	18.2026616
837	13.9	18319	2	0.268473042	3.724768756
837	14.82	18361	3	0.286242481	3.493541546
837	16.1	18593	8	0.310965179	3.215794144
837	16.85	18334	11	0.325451134	3.072657906
837	16.89	18333	12	0.326223718	3.065381037
837	17.74	18503	17	0.342641135	2.918505395
837	17.8	18611	18	0.343800011	2.908667737
838	18.36	17397	2	0.223588869	4.472494553
838	22.11	17966	6	0.26925653	3.713930348
839	24.31	18720	2	0.378189172	2.64417935
839	24.8	18679	3	0.385812072	2.591935484
839	24.84	18703	4	0.38643435	2.587761675
839	26.26	18729	7	0.408525202	2.447829398
842	4.88	18456	9	0.05632719	17.7534153
842	5.3	18182	32	0.061175022	16.34654088
842	5.43	18680	41	0.062675542	15.95518723
842	5.91	18806	83	0.068215921	14.65933446
842	5.98	18771	93	0.069023893	14.4877369
842	5.99	18458	95	0.069139317	14.46355036
845	6.03	18417	11	0.078566207	12.72811867
845	6.03	18765	14	0.078566207	12.72811867
845	6.07	18839	21	0.079087375	12.64424309
845	6.46	18747	49	0.084168772	11.88089095
845	6.6	18341	58	0.085992863	11.62887205
845	6.87	18176	79	0.089510753	11.17184215
845	7.02	18418	84	0.091465136	10.93312757
845	7.2	18404	95	0.093810396	10.65979938
845	7.34	18180	101	0.095634487	10.45647896
845	7.35	17411	103	0.095764779	10.44225246
845	7.48	18577	110	0.097458578	10.26076946
845	7.57	18178	115	0.098631208	10.13877881
845	7.77	18265	125	0.101237052	9.877806378
845	7.9	17395	129	0.102930851	9.715260197
845	8	18179	135	0.104233773	9.593819444
845	8.8	18475	161	0.114657151	8.72165404
845	9.7	17394	177	0.12638345	7.912428408
845	9.82	17408	185	0.127946957	7.815738855
850	10.15	17407	3	0.117763082	8.491625616
850	10.57	18348	10	0.122636037	8.154210028
850	10.62	18186	11	0.12321615	8.115819209
850	10.65	18610	12	0.123564219	8.092957746
850	12.55	18166	35	0.145608539	6.867729084
859	24.86	18024	4	0.441955556	2.262670957
859	25.1	18386	5	0.446222222	2.241035857
859	25.11	17918	6	0.4464	2.240143369
859	26.32	17320	8	0.467911111	2.137158055
859	26.9	17346	10	0.478222222	2.091078067
860	10.86	17421	1	0.164169233	6.091275322
860	12.24	17719	2	0.185030517	5.404513889
860	18	17399	8	0.272103702	3.675069444
860	19.8	17401	12	0.299314072	3.340972222
860	21.6	18602	17	0.326524442	3.06255787
860	22.99	17930	20	0.347536895	2.877392344
860	23.08	18509	22	0.348897413	2.86617201
860	23.56	17412	23	0.356153512	2.807778014
861	8.54	17409	1	0.13063697	7.654800937
861	9.32	17396	3	0.142568684	7.01416309
861	11.15	18175	15	0.17056232	5.862959641
861	11.9	18174	27	0.182035122	5.493445378
861	11.94	17935	29	0.182647005	5.475041876
863	19.16	17406	3	0.225597551	4.432672234
863	20.24	17398	7	0.238313906	4.196146245
863	21.15	17938	11	0.249028612	4.015602837
863	22.25	17402	16	0.261980454	3.817078652
863	22.28	17404	18	0.262333687	3.811938959
863	22.4	18543	19	0.263746615	3.791517857
863	22.93	18547	21	0.269987048	3.703881378
864	12.08	18275	2	0.177228422	5.642435844
864	12.12	17343	4	0.177815271	5.623813944
864	12.2	18181	6	0.178988969	5.586936475
864	12.49	18169	10	0.183243625	5.457215773
864	12.54	17413	14	0.183977186	5.435456539
864	12.7	18173	22	0.186324583	5.366978346
864	12.93	17400	31	0.189698965	5.271510054
864	13.32	17931	43	0.195420743	5.117164039
864	13.45	17414	47	0.197328003	5.067704461
864	13.53	17415	50	0.198501701	5.037740207
864	13.56	18374	53	0.198941838	5.026594764
864	13.6	18167	55	0.199528687	5.011810662
864	14.25	17932	73	0.209064984	4.783201754
864	14.3	18177	75	0.209798546	4.766477273
864	14.39	18170	76	0.211118956	4.736666088
864	14.5	17420	77	0.212732791	4.700732759
865	15.17	18171	3	0.178374056	5.60619644
865	15.51	18713	5	0.182371893	5.483301096
865	15.82	18273	6	0.186016979	5.37585335
865	16.55	18331	13	0.194600569	5.138731118
865	16.86	18172	18	0.198245655	5.044246738
880	11.52	18739	2	0.404423381	2.47265625
880	11.8	18336	3	0.414253116	2.413983051
880	13.35	17844	6	0.46866772	2.133707865
880	13.55	17845	7	0.475688959	2.102214022
897	4.12	17846	1	0.24269557	4.12038835
897	4.4	18486	3	0.259189444	3.858181818
897	4.89	18581	4	0.288053723	3.471574642
897	5.4	18552	7	0.318096136	3.143703704
897	5.95	18815	16	0.350494816	2.853109244
898	8.45	18327	18	0.147041763	6.800788955
898	9.14	17841	19	0.159048724	6.287381473
898	9.66	18408	20	0.168097448	5.948930297
918	12.3	18774	1	0.355183367	2.815447154
918	14.94	17849	4	0.431417846	2.31793842
918	15.78	18350	6	0.455674271	2.194550063
919	24.02	18241	1	0.333935771	2.994587843
919	25	18586	6	0.347560128	2.8772
919	26.2	18618	9	0.364243014	2.745419847
919	26.3	17928	10	0.365633255	2.734980989
919	27.05	18358	13	0.376060058	2.659149723
921	18.85	18309	1	0.287281872	3.480901857
921	21.6	17804	6	0.32919302	3.037731481
921	23.16	18284	8	0.352968071	2.833117444
921	23.8	17996	12	0.362721939	2.756932773
