id_battello,ricavi_fak
9257,164475
9258,236095
9264,59126
9323,277409
9332,261041
9341,288700
9417,68998
9419,0
9427,79737
9428,22349
9527,30037
9567,234404
9574,247214
9598,36848
9604,15853
9606,68784
9610,90702
9618,296534
9621,38268
9641,6448
9653,27342
9661,83379
9675,25429
9680,26752
9687,26552
9698,25698
9700,35971
9709,40527
9745,114864
9748,46495
9752,206241
9782,36075
9805,75333
9919,22324
9925,15176
9926,27479
9944,24834
9973,207487
9974,7370
9978,25475
10007,19069
10051,5403
10057,18590
10063,29672
10067,21906
10076,14886
10084,26942
10088,11794
10111,26400
10203,6765
10213,21878
10218,29226
10223,7870
10234,90757
10236,291722
10241,47668
10251,298794
10263,273633
10277,116643
10278,187242
10280,174457
10291,76101
10305,262187
10311,45051
10312,509848
10335,243958
10345,83845
10350,4872
10351,24124
10354,15432
10365,36148
10367,255620
10370,0
10385,118535
10402,102907
10403,47391
10407,68801
10431,82223
10433,79955
10456,75900
10462,19718
10478,26587
10493,4302
10514,0
10519,2876
10520,1904
10544,24024
10547,5398
10579,68705
10599,19922
10606,18157
10607,40705
10608,42722
10612,36413
10615,54978
10635,21765
10642,49701
10651,102992
10691,11818
10733,28844
10734,60495
10736,28510
10739,19405
10754,92181
10756,6058
10804,42907
10820,58701
10831,111299
10833,198145
10838,99810
10840,10772
10859,117993
10863,205778
10866,75470
10890,403076
10958,133327
10977,37124
10982,52339
10983,649790
10986,151576
10989,149818
10990,113336
10992,155211
10993,156813
11000,9090
11007,17272
11010,230876
11012,192098
11021,5004
11027,10522
11034,14118
11035,13370
11039,204110
11054,6298
11057,10196
11058,164971
11090,383404
11138,29006
11158,31954
11163,41927
11171,80891
11206,76983
11243,56379
11257,12989
11265,46475
11302,20063
11316,146263
11318,73126
11344,109102
11346,254503
11385,12983
11386,166151
11393,2338
11396,116327
11397,309947
11401,3049
11413,6751
11416,14328
11423,9566
11485,178957
11512,14247
11535,198654
11589,196100
11632,75024
11633,21671
11652,13188
11672,131521
11675,1227
11680,12506
11712,169120
11716,101314
11728,55137
11735,36779
11739,195122
11741,25758
11744,81639
11746,238619
11750,44069
11755,40647
11758,233328
11761,152089
11763,241496
11770,40582
11785,13062
11791,32356
11793,34500
11811,246398
11815,231360
11865,44577
11866,23323
11868,17020
11875,40678
11900,204264
11929,159803
11955,7117
12011,8336
12150,8706
12155,55373
12165,139883
12171,15961
12206,0
12207,15375
12208,13734
12210,0
12224,7851
12242,9499
12243,7624
12273,1551
12313,349
12385,19547
12386,10025
12398,120445
12400,10008
12401,334954
12411,5008
12412,56109
12420,5373
12424,22893
12427,45223
12432,24184
12441,89811
12458,12713
12468,51768
12470,79805
12475,83959
12479,19986
12491,249075
12508,44565
12517,116532
12526,28448
12530,109500
12536,61356
12543,230813
12549,96757
12553,232799
12562,85440
12563,81802
12565,94470
12573,19592
12574,80676
12580,200197
12581,313026
12584,238897
12593,35690
12596,27127
12603,14226
12611,46951
12626,95583
12647,10844
12649,10713
12667,40608
12710,342982
12731,198081
12737,197210
12744,208008
12747,227303
12749,535302
12752,327722
12770,293711
12809,69725
12825,409111
12835,37364
12863,201533
12865,42674
12868,16892
12869,81882
12875,41798
12921,101056
12940,284094
12950,91593
12959,78322
12961,26943
12968,21737
13002,34590
13009,139954
13012,48646
13034,115564
13035,14150
13036,3690
13049,76689
13073,6401
13087,188020
13103,76200
13115,58417
13136,72245
13143,530335
13144,607237
13147,375781
13148,0
13151,530454
13156,516969
13163,284981
13165,283537
13166,53467
13168,1968250
13171,345596
13181,290186
13184,0
13185,570275
13186,469946
13193,51120
13197,410146
13199,320863
13202,27447
13204,11068
13210,27861
13215,12337
13226,11581
13230,280500
13233,202635
13260,15247
13267,80572
13297,18803
13304,14961
13323,14173
13340,16340
13342,36361
13344,0
13346,26142
13351,0
13356,45677
13363,14785
13366,59993
13368,105576
13382,16163
13388,6048
13395,210
13419,6220
13424,8180
13428,10353
13432,6251
13434,22319
13441,7781
13445,2807
13447,8068
13448,0
13454,55634
13455,53879
13464,99164
13473,262412
13477,22594
13491,13677
13505,2873
13513,120868
13533,26432
13605,6655
13638,16388
13643,0
13647,3628
13653,6980
13658,8238
13671,22462
13680,9298
13691,34652
13712,29619
13715,56016
13765,41147
13771,11421
13788,15013
13797,114794
13802,29309
13820,11523
13826,23204
13827,24284
13833,37251
13855,37883
13862,10488
13874,47672
13880,21822
13900,7915
13941,22904
13952,25102
13958,0
13980,17982
13986,25164
14023,9600
14091,22496
14099,9145
14111,13949
14114,50681
14121,22514
14132,73461
14144,20733
14148,7237
14149,30800
14163,0
14172,115281
14182,52032
14184,53335
14188,18675
14241,98400
14247,122772
14249,91913
14255,371191
14272,139431
14286,63251
14315,231151
14335,8116
14340,8249
14341,209779
14354,135151
14366,161250
14375,4429
14376,65714
14380,8222
14382,247095
14385,77268
14388,44234
14394,69230
14410,71920
14419,72150
14450,199574
14467,117888
14471,148070
14477,58932
14497,210687
14522,248928
14555,63104
14582,59076
14603,46603
14640,6867
14645,170744
14687,46161
14691,234293
14709,20252
14710,82369
14718,3346
14723,92184
14724,101411
14765,182267
14775,146661
14779,195339
14805,20508
14836,185176
14837,164110
14849,147233
14851,142461
14854,147233
14864,193091
14870,198566
14879,217649
14880,142461
14881,446938
14883,73377
14886,73943
14892,34314
14921,85973
14935,85272
14949,59045
14964,592425
14966,410542
14974,264969
14979,663072
14980,176403
14984,119387
15005,253730
15032,5260
15048,6765
15061,143519
15062,19125
15065,57671
15077,43524
15082,20557
15091,45323
15113,28257
15130,2636
15151,30060
15154,46360
15168,24671
15188,24992
15195,22082
15198,0
15207,21062
15212,9907
15223,28804
15228,5135
15229,0
15279,343409
15281,380252
15294,5975
15295,67134
15321,5348
15325,4437
15330,9605
15381,18541
15391,0
15409,165713
15418,39666
15459,111393
15463,197621
15476,13944
15480,116973
15482,3978
15490,117371
15496,24556
15500,83106
15503,380254
15506,160828
15508,217140
15509,4542
15511,6229
15515,36448
15521,8707
15524,7410
15539,9742
15604,66117
15768,493796
15780,234348
15788,447551
15826,57464
15835,0
15839,93376
15840,121885
15841,119195
15851,99261
15855,343418
15859,124153
15864,1475
15874,32483
15903,81613
15937,31248
15965,33747
15992,257222
15994,226007
16009,2031
16011,226404
16013,31267
16039,22732
16053,413556
16057,75977
16064,94669
16065,42599
16101,277950
16102,85145
16111,33582
16127,44874
16151,25860
16157,34684
16191,69652
16193,16558
16199,84834
16214,33637
16230,25373
16246,21153
16250,31774
16255,27468
16259,51592
16260,20895
16278,17060
16328,16085
16334,77745
16337,36081
16351,0
16355,31891
16361,104169
16364,109152
16368,31614
16402,115262
16416,59386
16419,9716
16444,118875
16480,237775
16482,19132
16483,41904
16494,9932
16499,85914
16503,4481
16510,112393
16519,60185
16524,6192
16544,61097
16569,636758
16573,174126
16576,56979
16586,25091
16593,365447
16595,30448
16612,61290
16680,58802
16683,42060
16735,142372
16748,9992
16752,78651
16770,55874
16783,29471
16793,142054
16798,43683
16802,47196
16803,41701
16805,50439
16810,20111
16812,86809
16861,10219
16867,35499
16868,23684
16914,101064
16930,127272
16943,127336
16955,94101
16956,122122
16957,183996
16963,136117
16965,140629
16969,59678
16970,70194
16974,33343
16975,8158
16979,199027
16982,43706
16988,230452
16992,229870
16998,34508
17012,62614
17041,4033
17067,14351
17080,9222
17089,213148
17093,224465
17111,1181
17139,41564
17164,49932
17165,34904
17175,41936
17178,19346
17198,27996
17202,29597
17230,23979
17233,28848
17237,61282
17242,120857
17252,91666
17253,23628
17257,29165
17291,50918
17292,49236
17318,33935
17323,201546
17335,14887
17346,16167
17357,2323
17361,324243
17362,23984
17364,364338
17378,153168
17384,204964
17389,23369
17392,22580
17400,16970
17410,132661
17413,22281
17418,176573
17421,28009
17425,128358
17428,152432
17429,45997
17430,59244
17431,23851
17442,61803
17443,19611
17446,57827
17452,110089
17454,0
17459,180512
17470,21111
17472,52058
17476,28308
17480,61569
17482,87661
17487,64676
17489,64247
17492,29643
17493,29868
17494,17284
17499,69566
17500,89434
17502,17796
17507,74323
17512,73444
17519,19484
17523,28317
17525,14941
17529,30499
17530,0
17532,138533
17534,58040
17535,387323
17549,14299
17554,204735
17556,26146
17557,116149
17562,270074
17564,17166
17566,40039
17573,60213
17583,205354
17593,42025
17606,63646
17616,11290
17623,64015
17628,24954
17632,19309
17634,31333
17635,22801
17636,16714
17638,16015
17639,13149
17640,36034
17642,27693
17645,19736
17647,18000
17648,21592
17656,17026
17659,45974
17661,31339
17662,8928
17664,0
17668,0
17671,24870
17673,0
17677,26937
17678,33357
17683,130077
17687,36954
17689,8034
17690,18037
17693,0
17695,17175
17699,0
17703,24395
17708,17050
17710,9423
17711,158779
17718,17840
17748,138886
17753,305324
17757,76210
17774,52522
17776,135036
17791,502
17801,77690
17804,77690
17856,75963
17909,19942
17912,48881
17922,75144
17981,28989
17987,155501
18006,94488
18022,71152
18025,64375
18060,0
18062,29519
18063,348
18071,77690
18089,106666
18093,333072
18103,119290
18105,96452
18114,106014
18122,87077
18130,103465
18136,318850
18162,46533
18177,82828
18193,182383
18198,103836
18215,31681
18220,129001
18229,48687
18230,200077
18232,28908
18234,75546
18237,194942
18245,24968
18275,29249
18298,100027
18315,14761
18359,147836
18362,46668
18366,47052
18369,67351
18370,517086
18409,9944
18412,0
18414,246558
18415,9311
18424,34377
18453,24200
18461,208133
18478,293
18480,8424
18490,89962
18518,2316
18563,18533
18574,799162
18575,18413
18601,7697
18603,310867
18623,255851
18629,45199
18650,31458
18652,237723
18661,39787
18667,41982
18668,91711
18678,25332
18679,29372
18680,28931
18683,45810
18694,9398
18705,149167
18707,33322
18708,209468
18712,263088
18741,1401
18742,21119
18749,189599
18752,64633
18762,206249
18763,78098
18773,24413
18775,14751
18783,2613
18793,25460
18795,20412
18804,11435
18814,8952
18821,107916
18837,57554
18846,61340
18857,9232
18874,60404
18877,64500
18889,111081
18897,6680
18926,413295
18930,195767
18931,25188
18933,132585
18934,132817
18937,93189
18955,122139
18956,191638
18958,51975
18965,31596
18967,327502
18978,9762
18992,143169
19004,58963
19011,624933
19015,0
19021,28042
19028,373785
19042,16324
19045,12994
19059,68603
19074,202024
19075,65795
19076,32704
19085,41493
19087,8420
19092,123842
19102,47186
19116,231222
19123,22554
19135,94704
19137,35881
19138,198317
19143,95390
19150,227176
19152,130439
19172,243739
19174,231770
19177,55693
19192,45728
19196,30153
19211,25039
19213,28296
19218,507136
19250,129604
19251,91338
19258,322170
19263,7281
19265,177127
19267,15714
19269,290399
19270,222716
19272,168442
19276,0
19281,587060
19284,193377
19290,198126
19292,76326
19294,15296
19309,10859
19317,62723
19320,12155
19322,97265
19331,203289
19333,70985
19337,46693
19341,358251
19353,48232
19357,223818
19358,48331
19359,368405
19372,372124
19376,304214
19396,516969
19400,93860
19408,231500
19421,135717
19424,155882
19425,135904
19430,366615
19434,347181
19437,72206
19439,352125
19456,288466
19458,21774
19461,98379
19464,78279
19465,391129
19471,253374
19479,311242
19485,204385
19487,17065
19496,24068
19499,26851
19508,239806
19514,22696
19520,71266
19534,443873
19545,43173
19548,152727
19551,35691
19563,118018
19564,36336
19565,0
19567,78926
19569,414194
19576,297818
19577,20504
19579,110003
19603,104867
19613,13967
19615,45477
19623,221747
19631,14560
19644,19920
19647,335676
19673,274017
19680,112938
19686,34162
19687,7180
19698,15155
19704,15603
19709,94048
19724,46805
19736,301035
19762,37951
19764,97640
19772,8151
19789,59282
19797,26476
19814,287239
19818,26904
19828,0
19833,247357
19888,0
19905,111292
19913,56873
19927,7414
19939,194267
19962,441724
19971,36309
19975,29536
19989,16466
19997,31012
20005,72707
20008,34663
20017,1745
20018,22076
20042,277759
20049,26131
20069,65468
20072,60637
20083,318356
20084,70159
20109,56021
20116,38027
20167,0
20168,0
20299,22655
20302,21487
20361,5943
20365,16299
20366,17689
20376,16240
20378,0
20505,22727
20506,13850
20527,7690
20571,11987
20578,14626
20611,28765
20618,27999
20679,21965
20683,14122
20713,17829
20784,2343
20836,3872
20859,19978
20907,5611
20915,14857
20929,21379
20954,25505
20960,23176
20973,24593
20976,11767
20978,27396
20993,1491
21008,21078
21009,21988
21012,41419
21030,6451
21163,13722
21219,12581
21234,17310
21290,3293
21296,29553
21304,12250
21310,3671
21326,3390
21356,20538
21358,13179
21359,0
21427,464
21462,38893
21471,37109
21518,17209
21523,19625
21524,17561
21533,17078
21539,17363
21608,20099
21641,1896
21649,23399
21668,21621
21669,13249
21718,0
21719,18494
21814,14673
22030,10916
22087,3892
22088,6769
22173,35364
22190,15248
22198,20585
22204,20252
22205,31802
22207,159495
22209,1583
22214,2579
22235,280752
22245,28575
22246,266256
22249,134443
22259,301306
22269,100215
22271,77799
22280,0
22302,206359
22306,52545
22310,324005
22316,24142
22325,307076
22334,253480
22337,408736
22339,41941
22343,48670
22348,328840
22361,104169
22368,30263
22400,54742
22431,35052
22432,2237
22435,335349
22440,18040
22443,21736
22461,42386
22462,0
22469,66924
22470,1464
22472,17035
22479,341508
22513,8309
22516,22831
22552,289258
22555,77690
22558,47804
22568,289028
22579,19169
22580,125841
22584,183420
22588,72590
22600,66326
22601,34585
22605,20006
22609,12531
22626,490012
22637,179728
22638,96491
22645,50498
22650,87601
22829,38490
22833,71214
22888,31707
22889,287117
22896,0
22901,33184
22910,33511
22912,12972
22931,0
22936,30531
22937,14044
22940,39691
22942,125381
22944,307019
22960,13618
22970,5072
22986,74059
23001,546020
23008,47036
23009,17932
23010,5013
23027,245001
23028,245001
23040,30903
23043,159852
23045,148842
23077,32031
23083,23421
23088,11139
23094,281692
23099,49584
23100,449066
23102,24388
23110,21688
23112,129052
23113,353738
23117,18887
23133,0
23136,104644
23138,0
23151,172918
23159,126812
23168,79293
23171,35394
23174,328596
23183,38241
23186,168343
23188,594938
23195,2369
23199,62663
23204,0
23208,153359
23213,76244
23217,182965
23231,20355
23232,42622
23239,205895
23240,135393
23261,139553
23280,334702
23304,26862
23318,124606
23321,46106
23342,574168
23353,96359
23356,410
23384,35813
23393,227079
23401,366173
23410,418098
23411,14346
23424,601107
23434,694540
23439,24700
23446,13251
23462,123368
23481,119876
23483,122896
23502,43864
23505,63095
23506,201657
23507,99970
23510,368956
23516,600238
23528,189909
23534,381351
23536,679946
23539,14785
23571,105924
23581,228680
23623,248254
23630,19302
23660,9283
23671,358408
23683,51326
23685,112134
23687,195924
23688,94994
23691,217937
23698,457783
23700,193106
23702,39403
23712,48944
23724,311110
23757,32773
23759,20625
23764,24377
23770,16178
23772,80935
23796,141807
23797,675822
23809,1384
23824,229376
23833,317217
23838,12190
23861,83795
23876,111229
23881,311252
23882,402150
23885,44271
23887,11242
23894,36849
23896,53981
23900,136644
23908,75814
23917,38747
23953,177430
23955,429163
23958,315387
23960,10971
23963,618224
23964,22944
23967,27728
23979,111251
23981,123022
23982,57200
23992,527384
23993,303304
23994,453615
24008,0
24009,43125
24010,285156
24014,524669
24016,8232
24023,0
24025,263840
24034,189106
24039,132638
24052,137941
24058,46511
24068,318676
24073,30050
24089,8770
24095,24786
24107,245763
24109,79341
24118,101141
24123,40944
24129,700729
24143,733876
24147,14030
24158,473611
24159,35308
24162,0
24164,124445
24165,323556
24178,24761
24179,34017
24180,32674
24183,110809
24188,50048
24192,130928
24193,72288
24205,7632
24207,154706
24223,0
24226,733577
24232,484384
24242,296853
24278,23677
24280,816368
24283,259436
24312,437582
24315,4770
24324,45058
24329,13291
24332,412747
24339,352851
24346,222972
24353,8350
24355,40123
24356,278099
24357,761561
24363,220474
24365,332257
24379,319911
24387,48198
24403,140284
24406,159870
24407,127956
24420,440552
24423,3783
24437,70770
24445,29378
24450,126327
24451,6298
24456,228124
24458,367473
24465,561596
24499,325866
24505,265267
24515,670067
24519,58388
24527,148319
24528,134756
24532,44978
24542,320573
24543,35204
24553,237453
24554,152970
24580,638341
24587,38292
24603,32182
24605,20479
24606,44035
24616,31565
24628,83161
24632,0
24643,555966
24646,20717
24659,67462
24660,331578
24675,230074
24681,45038
24685,109869
24696,39034
24710,131702
24716,44104
24741,214767
24750,21701
24760,58089
24763,238207
24772,33753
24786,197594
24793,67041
24794,193455
24810,75940
24811,75303
24833,23918
24834,63867
24835,200191
24838,50950
24846,42599
24875,71479
24904,28154
24914,5313
24919,32289
24931,2288
24935,37235
24963,96772
24975,91159
24976,225680
24977,12896
24986,82683
24987,77914
24995,48244
25016,22099
25017,25988
25040,70234
25042,27115
25049,25532
25056,219983
25073,38472
25074,25515
25077,28601
25089,649460
25103,195442
25128,688994
25129,53099
25136,80097
25149,69396
25150,81574
25213,10161
25237,407161
25246,64436
25254,78373
25257,42062
25280,139015
25283,3097
25301,50105
25313,0
25314,33055
25337,37881
25345,56793
25346,13332
25353,11689
25355,43173
25357,58219
25384,20090
25399,41508
25404,22676
25405,12548
25406,165099
25415,83492
25416,27811
25420,7596
25423,198
25454,14822
25463,61484
25475,24408
25476,13925
25486,8862
25490,42103
25506,37556
25512,82173
25538,7838
25544,11701
25548,13923
25561,44762
25562,13831
25568,248404
25574,23404
25589,30622
25592,16062
25598,45086
25616,19732
25617,23817
25618,36050
25619,31238
25622,4831
25624,17002
25626,1523194
25627,60185
25628,34775
25629,31024
25630,222448
25631,161918
25633,5680
25634,105953
25635,86601
25637,7983
25638,16050
25641,38628
25642,88477
25643,90316
25645,26188
25646,482488
25647,0
25648,5433
25649,75438
25650,88114
25651,165956
25652,179939
25653,12221
25654,179564
25655,121236
25656,59944
25657,156312
25658,44601
25659,45238
25660,43204
25661,20797
25662,20797
25663,20751
25664,13756
25665,25288
25666,57031
25667,66726
25668,101865
25670,47489
25682,89100
25683,1462
25684,11365
25712,94384
25713,14445
25714,9866
25715,60780
25716,643374
25717,222241
25718,73681
25719,34684
25720,244064
