id_strato,carbur,alcova,spcom,alcofi,spmanu,lavoro,proflor,ricavi,giorni
6,407980.75,108650,51827.72,301197.64,503552.34,1935278.58,1998745.43,5307232.46,5432.5
7,112452.98,9660,2754.99,37734.97,45716.68,92717.96,-25538.62,275498.96,483
19,444125.72,366927,40066.94,184836.68,14641.41,1412017.65,1544078.67,4006694.07,1068
22,407279.25,76642.1,32872.37,119959.1,116683.6,1243780.04,337778.97,2334995.43,19435.8
25,863312.05,44083.34,61118.25,38574.11,201351.66,565079.72,-58235.06,1715284.07,11495.5
42,2547095.99,102240,282883.27,247215.05,257369.5,1666190.18,797618.64,5900612.63,5112
43,3551439.48,562603.42,266575.21,262200.94,209383.52,3862303.61,5003841.96,13718348.14,6542.49
44,1674750.06,137311.36,156227.59,163713.11,174663.27,756181.7,-542241.41,2520605.68,1091.25
72,483320.28,653977.37,15704.65,51198.95,74722.95,1633604.71,638785.67,3551314.58,27533.4
74,196781.07,80473.4,1289.85,24786.8,28888.53,551536.5,211233.26,1094989.41,4023.67
75,2366806.54,630308,2674.8,232928.76,172432.43,1288256.11,-1012674.9,3680731.74,31515.4
80,411850.65,109680.6,931.23,63934,41757.98,812255.54,118499.81,1558909.81,5484.03
92,2194442.41,244452,200478.38,306705.43,191543.95,2358366.75,808281.63,6304270.55,12222.6
93,154289.07,29050,24808.92,39363.85,21461.34,425753.64,112898.05,807624.87,1452.5
117,71380.57,58228.1,24197.65,30054.31,51881.49,259845.09,231558.19,727145.4,802
122,146287.65,258448.59,83939.07,6714.86,71937.58,459210.43,285491.64,1312029.82,9341.25
124,159170.35,92911.42,131055.63,24651.5,80171.25,375490.55,388184.48,1251635.18,2362.66
125,1360376.42,475252.29,18886.71,138646.26,308869.03,2044717.92,-229099.15,4117649.48,18114.2
130,306408,121412.28,34119.82,41093.71,54448.31,377430.55,323189.16,1258101.83,4080
145,801076.48,125321.68,185903.13,66750.76,199706.28,1124334,-145575.05,2357517.28,4614.01
146,540799.09,48661.38,27411.62,55788.85,161064.6,923512.15,387973.5,2145211.19,2249
160,47796.3,10920,2864.92,26204.23,14461.41,178695.05,188022.68,468964.59,546
168,892098.4,387569.94,154381.61,30967.57,82038.08,902395.13,558533.05,3007983.78,1475
170,1050479.69,454183.22,50910.96,31777.24,89649.78,183307.3,-1249283.85,611024.34,1407
172,286137.44,119543.4,56026.98,163247.99,154063.17,605049.76,1641180.05,3025248.79,24468.83
174,109186.33,34961.64,15723.85,20532.34,40577.86,321802.04,758174.46,1300958.52,3126.68
175,6076146.49,423196.53,190708.92,528521.06,627346.5,2492099.14,2122477.03,12460495.67,80907.41
180,679910.34,132135.89,84887.56,67777.58,136713.39,412040.89,546738.84,2060204.49,9053.4
190,104088.6,67652.6,47210.05,12580.2,18681.72,125771.11,43252.77,419237.05,1386
192,2427846.69,667683.55,587267.6,209057.3,252384.72,1610343.75,404164.27,6158747.88,10523.35
193,4792576.58,594072.9,974449.87,494492.39,471409.36,3150119.92,1573697.17,12050818.19,6423.25
207,194290.91,28524.09,129920.68,67770.28,89638.72,451334.91,563095.3,1524574.89,1332
212,304116.35,22018.27,211883.97,151841.62,129544.61,704959.98,280813.68,1805178.48,2034
222,180831.83,137290.28,104530.69,53880.28,23705.73,139584.47,58099.09,697922.37,836.68
223,2292180.48,311364.01,170838.28,158484.43,392586.97,1023509.21,768582.68,5117546.06,3449
227,97231.16,12737.4,12026.27,74871.61,60931.48,405040.72,204613.61,867452.25,4495.5
230,1900154.67,704859.14,143249.8,521198.71,634795.97,1886650.65,3642344.31,9433253.25,25301.66
235,140711.87,37473.2,14716.35,10736.78,11345.01,294326.91,962324.46,1471634.58,1873.66
236,34371.89,39859.51,96937.62,42447.55,36084.09,478858.91,-611307.37,117252.2,92
240,72005.54,13374.97,21070.89,37443.52,22845.19,48336.76,-100370.67,114706.2,540.66
241,138886.43,43870.81,38501.62,24927.33,15290.64,170664.17,367290.65,799431.65,1707.75
245,520660.84,115681.11,78727.48,54114.8,53563.22,612008.7,874058.15,2308814.3,892.5
247,2691201.25,314438.32,210637.8,459994.03,310322.02,2336777.27,600608.91,6923979.6,9876.49
248,1495584.54,147755.63,192135.74,107518.96,217745.95,1454658.04,2448398.87,6063797.73,2148
262,289355.03,45640,117879.64,68310.62,56830.21,578117.11,752056.58,1908189.19,2282
270,128185.38,20810,66188.16,42887.46,80576.7,526796.57,663836.75,1529281.02,1040.5
272,144685.61,23843.28,12024.75,19852.56,36642.86,187373.59,112029.88,536452.53,706
275,235527.4,19220,134311.44,37069.46,28934.8,362698.16,364168.78,1181930.04,961
277,28199.18,52709.73,41022.7,28554.27,77575.24,182714.09,502795.27,913570.48,3932.75
280,1677197.03,446657,118997.31,378695.83,157948.38,2241003.66,1150685.06,6171184.27,22332.85
285,250323.32,66664,106249.39,65285.71,46069.76,720024.4,868621.55,2123238.13,3333.2
292,527661.56,65175.95,175317.29,36380.86,43090.86,726256.65,986072.33,2559955.5,1577.5
297,723497.52,187064.74,119101.18,56630.12,60875.9,424852.18,697087.33,2269108.97,2310.75
315,233647.65,19737.13,12827.2,65921.84,28257.64,481511.09,440817.84,1282720.39,1518
325,230869.24,46358.22,85063.37,43362.72,123705.66,658783.89,574307.54,1762450.64,557.5
327,70007.98,42523.79,46244.96,25124.3,40816.76,546211.14,499291.05,1270219.98,3787
330,1097944.73,292395.4,74963.88,303396.42,287064.69,546060.44,128476.64,2730302.2,14619.77
335,290837.52,77453.4,13741.88,28030.71,59479.79,275207.04,461582.1,1206332.44,3872.67
337,202845.1,75033.3,85835.31,106359.97,52103.52,865271.21,1461953.4,2849401.81,2701
347,1224283.36,254271.89,222855.18,116538.53,131785.7,1340292.43,2061517.35,5351544.44,5090.02
348,6666107.34,1276439.36,1645837.37,348497.59,1865446.9,4341692.19,-7379.04,16136641.71,13721.76
354,1227973.47,257669.72,212177.82,28795.16,80465.32,533737.28,312627.86,2653446.63,2045
372,123406.84,39218.55,71594.58,19803.77,45828.7,486548.85,329225.68,1115626.97,782.75
375,301676.67,229649.27,129651.94,35341.66,97252.75,878126.72,684181.27,2355880.28,867
377,206409.15,139688.78,31544.6,115657.88,104994.21,647138.91,881045.21,2126478.74,10393.2
379,163520.71,188273.33,6158.33,17928.47,85344.72,412587.3,771422.09,1645234.95,1440.34
380,2501989.54,666308.8,1348.53,317828.28,448907.27,1327279.63,-1202261.95,4061400.1,33315.44
385,152162.56,290057.63,9416.07,56842.15,41958.97,412312.85,411625.94,1374376.17,1969
394,1597387.04,261390.73,69651.3,117294.93,98827.87,626759.63,712893.86,3484205.36,3004.5
397,3083673.18,618873.96,226899.04,224813.09,393915.19,1194559.16,883514.44,6626248.06,9350.4
412,887929.17,138655.83,224339.45,128100.09,104894.84,1475917.47,1550648.11,4510484.96,6012.5
413,314752.27,53621.93,32943.7,82580.51,45951.97,510313.6,467720.05,1507884.03,2025.25
417,417800.95,76700,73067.72,374092.39,216427.96,1507516.64,521027.07,3186632.73,3835
422,1219562.43,198370.41,69194.86,154017.59,125522.8,1889971.37,3262846.09,6919485.55,6171.5
434,3110988.88,1300565.89,287363.47,440813.08,718222.1,1766617.86,-273365.91,7351205.37,4529.25
437,335369.41,194177.04,68232.63,286592.38,177875.54,1290284.3,502595.85,2855127.15,18204.9
440,1233466.43,328486.4,28587.39,168662.01,115385.89,857621.58,126528.91,2858738.61,16424.32
445,432828.08,78444,26696.81,131622.28,80689.35,1040511.52,947943.46,2738735.5,3922.2
450,167964.52,37533.2,12472.61,62529.37,49890.45,174235.12,58872.24,563497.51,1876.66
455,643954.09,121178.25,108916.94,71707.94,60940.42,820697.25,1748132.28,3575527.17,1020
457,2843569.29,196066.83,95458.88,140506.14,284037.04,1456614.34,938960.2,5955212.72,5155.03
458,4307296.98,207209.18,207957.89,315913.7,345664.71,4189392.36,8554741.93,18128176.75,9495.9
459,1875775.71,59539.22,113226.4,219782.12,184021.12,1005385.88,860146.98,4317877.43,1863.37
460,7618278.44,1554707.257,935339.12,767204.9736,798113.2939,5648185.821,7118782.561,24440611.47,11445.32007
461,2987652.689,481748.1608,341564.8426,206256.309,306590.01,2011166.617,2302472.029,8637450.657,2831.516666
482,586620.34,110553.42,12987.43,20752.67,16101.35,135484.01,-166917.14,715582.08,1629.01
487,545675.73,151248.8,43176.29,93646.68,121638.33,569244.88,746948.42,2271579.13,26943.15
490,4376174.63,177835.3,109972.82,214381.35,300918.58,2257689.82,-1043875.1,6393097.4,58271.3
494,597405.48,34978.03,42379.57,25566.08,58170.82,604747.74,99697.16,1462944.88,7954.8
497,381508,119073.32,268407.88,33502.62,39292.95,568739.43,625430.75,2035954.95,5080
507,3454488.26,402299.19,622373.54,228291.35,190040.74,1613500.06,3963893.35,10474886.49,11712.14
510,2129453.83,263649.53,500254.3,138594.54,157628.39,702072.39,1610587.96,5502240.94,6381.47
523,125532.49,12425.91,14658.28,44373.69,29904.27,60702.41,-85255.7,202341.35,297
525,613249.646,48885.806,57184.914,179248.4,148202.6,1540573.192,1838003.67,4425348.228,4992
527,756917.75,351994.68,111856.59,222317.48,251268.86,1143820.76,974559.74,3812735.86,2797
534,2706570.98,493870.53,607432.95,296308.47,426298.29,2423283.17,1719641.93,8673406.32,3037.5
535,301082.13,349869.02,92030.83,55388.31,8064.52,851066.81,791571.95,2449073.57,592
537,341657.31,115938.48,77232.83,301786.12,138188.08,1145264.48,3020966.06,5141033.36,26095.13
540,3529497.98,939946.2,485945.19,347395.29,438031.84,2775566.88,2585884.15,11102267.53,46997.31
545,285344.55,251060.17,36290.09,80791.15,54115.22,419881.73,552044.01,1679526.92,3503.5
550,361834.08,94615.62,219673.98,58598.93,39311.4,1032773.56,2324286.69,4131094.26,4233.6
557,13417370.47,2249456.06,3845218.58,1207736.46,1933307.62,13982843.14,29854090.77,66490023.1,49031.16
558,7761848.38,776093.1,1619056.63,579869.06,760440.15,5330855.79,7622466.15,24450629.26,12511.7
559,1545546.45,70716.65,153147.62,107162.47,53833.84,1063924.6,1140888.18,4135219.81,2239.25
587,570783.96,623716.2,168409.87,147577.16,82998.93,1253516.45,2167063.22,5014065.79,26702.6
590,5832900.6,1553369,414146.03,868663.52,462616.43,3233817.99,569758.39,12935271.96,77668.45
595,1236806.88,329376,38633.78,120448.37,86909.1,965844.46,1085359.27,3863377.86,16468.8
597,969660.4,1049079.97,1343111.85,182765.23,271970.12,1897989.13,1480581.45,7195158.15,12282.62
607,2742983.59,241838.1,287306.24,137876.1,170976.58,1282719.61,710724.66,5574424.88,8742.01
608,1749424.18,96920.2,177110.06,44929.61,123909.38,1881504.05,2478026.72,6551824.2,4846.01
609,1898939.63,112003.78,229762.1,170737.77,226709.79,1655420.17,394216.61,4687789.85,2296.2
627,815321.94,759806.03,769274.49,129333.39,126356.38,1761944.24,1587591.36,5949627.83,5821.25
628,1638703.64,2429541.5,756888.48,341477.35,301922.42,1765352.75,202703.62,7436589.76,6122.66
632,698782.99,326091.8,172795.93,73364.31,106193.95,378729.82,11721.36,1767680.16,1778.01
637,604880.55,495750.52,213831.41,163176.27,93806.48,1441901.11,77793.32,3091139.66,19098.42
640,1754290.19,467187.8,385697.65,200542.89,195781.03,1667578.03,866935.42,5538013.01,23359.39
645,1205355,321000,278849.15,159276.54,99460.11,1627143.92,2836149.58,6527234.3,16050
647,568583.65,869702.55,292963.84,81089.16,185319.09,1603845.25,322669.37,3924172.91,6522
658,943685.09,55249.27,221846.83,28083.98,92991.21,479528.1,-222957.49,1598426.99,1644.75
660,1497366.82,103764.9,221152,55884.78,93763.97,131674,-336660.54,1766945.93,2663.34
665,180657.76,72295.76,21561.11,12385.61,28074.16,78015.16,-116132.92,276856.64,888.66
680,409389.18,193884.91,100050.44,114737.09,184229.27,167655.16,17193.5,1187139.55,1479.66
683,274403.31,201424.05,97549.05,87369.96,109134.33,755331.56,462682.06,1987894.32,983.33
685,814061.39,59850,170450.1,56122.2,182354.99,826931.51,930635.09,3040405.28,2992.5
687,481054.88,434472.27,117481.74,104052.87,102822.57,875883.69,483200.22,2598968.24,23309.09
690,3270641.8,2354791.35,765038.59,966079.65,1248321.76,2178220.75,-2675644.9,8107449,43550.49
692,402560.16,194164.46,120675,58616.07,120513.26,357763.95,347258.19,1601551.09,2284.5
695,392006.98,104396,73412.71,27922.61,33504.88,390685.29,210008.9,1231937.37,5219.8
697,506933.8,158003.57,77729.34,96317.98,140312.42,875051.24,1588269.46,3442617.81,4218.34
707,2518371.46,763863.17,387655.28,200957.52,277390.37,647818.06,373325.08,5169380.94,6960
708,2333103.2,90585.76,134150.83,99227.37,171367.78,866219.86,1218463.99,4913118.79,4116
720,208408.66,60294.79,74245.07,94348.98,97657.19,701058.25,86863.21,1322876.15,785.25
727,410573.93,661976.88,169105.51,73603.26,169208.81,782310.28,513532.06,2780310.73,2277.32
728,246750.49,420879.51,258114.18,122856.34,120305.25,916633.79,1472380.79,3557920.35,1308
733,524873.7,52160,84910.7,98885.15,121815.87,615962.49,951076.36,2449684.27,2608
735,160212.1,99391.9,91898.49,88544.4,114420.91,405569.83,478044.06,1438081.69,719.25
737,401450.62,361171.17,332517.73,173093.57,195433.95,1794664.45,188881.52,3447213.01,23538.06
740,3450730.85,1289177.36,687550.9,523591.19,570311.8,2957651.49,-94364.84,9384648.75,45948.48
745,643888.63,180480.71,101311.05,89067.65,106617.2,989486.2,570280.62,2681132.06,8573.75
747,280573.16,175261.85,47536.62,32726.45,30539.22,420793.41,286071.12,1273501.83,2711.6
756,248835.5,49520,76583.72,43976.55,27274.16,367369.67,113429.36,926988.96,2476
757,5579031.72,731334.59,1080287.54,773948.37,534459.15,5225992.57,2641529.21,16566583.15,18732.64
758,8331727.12,1807311.02,1921486.13,1038960.56,829753.05,6375089.76,5625529.22,25929856.86,19413.52
759,23579050.9,4252500.36,3124281.11,2833221.83,3346680.77,16267361.57,5535429.55,58938526.09,21784.2
760,23882228.1,5385274.637,3782981.392,3543050.709,3025819.642,14598817.3,10371958.81,64590130.59,24835.70487
761,377637.61,40501.3,40365.22,55917.44,101031.08,488326.98,339679.6,1443459.23,1226
784,946725.36,340933.3,200084.74,112943.59,163045.52,2075142.9,2239523.19,6078398.6,2010
785,593701,303406,168454,123861,214752,756024,595941.47,2756139.47,1300.46
787,236228.7,115677.84,123943.35,311045.13,101997.42,2137518.72,1518160.22,4544571.38,10643
790,2940981.34,783217.4,448643.16,814964.55,325517.38,4398426.61,1679528.93,11391279.37,39160.87
795,359578.8,95760,25695.55,20430.52,59140.99,642388.83,1366560.61,2569555.3,4788
797,294058.55,47040,8942.26,44410.03,71546.34,213483.92,146145.87,825626.97,2352
800,199940.15,17520,13060.02,49482.68,27003.01,141026.91,133609.3,581642.07,876
801,351673.85,29241.92,23112.89,41846.4,52925.95,213035.26,30056.14,741892.41,1402.5
807,4150362.94,176820,220946.29,256675.31,742879,3414235,1136359.72,10098278.26,8841
808,3698953.06,792582.91,140554.65,207119.17,350580.55,1623112.3,1526689.1,8339591.74,6210.18
826,633946.28,712516.11,71306.31,97503.36,298294.55,1306288.79,1361142.24,4480997.64,5538.5
827,210659.91,27600,18840.97,62146.33,71781.37,632742.49,860326.33,1884097.4,1380
831,474945.69,109055.26,77901.95,208300.29,240013.97,1130960.15,1526681.6,3767858.91,4599.5
832,300260.44,33250,71960.86,122945.33,122425.02,744869.53,1113917.71,2509628.89,1662.5
837,722589.87,86494.51,79241.58,212487.35,240817.16,1817743.65,1647681.73,4807055.85,2750.25
839,2018231.66,383202.14,1431132.1,181977.29,460023.99,2716329.35,2874689.55,10065586.08,3144.5
842,90934.23,54865.09,95615.39,2830.73,26471.78,277573.7,376954.73,925245.65,3773
845,390529.76,122080.86,136644.11,32115.97,113381.09,789120.96,80616.98,1664489.73,5200.13
850,322179,177038.13,197429.44,71719.47,175737.92,761326.6,-194247.67,1511182.89,4290
860,3409938.94,365962.16,563474.68,156290.9,773253.95,1907395.15,788264.32,7964580.1,4293.25
862,2912352.37,390498.29,725555.68,387657.72,802259.48,3070016.96,3114392.58,11402733.08,10140.69
863,2102328.19,160657.7,981079.74,175186.56,360183.24,1715099.59,1524005.82,7018540.84,3843
867,102325.54,16050.15,41650,12674.56,26526.46,33435.99,-42489.44,190173.26,498.66
868,264769.02,97209.4,115669.59,44786.75,106766.11,246213.71,200374,1075788.58,2031.25
880,113747.78,13590,3684.55,32650.43,19377.18,160904.05,18693.22,362647.21,679.5
897,196712.53,82346.68,8676.32,15479.4,19088.63,103401,-116126.47,309578.09,3689.34
899,379253.5,100999.6,17410.15,31409.02,36131.97,228532.79,-176369.11,617367.92,5049.98
918,1044083.23,94371.07,60010.36,33750.92,62124.94,780132.45,154476.89,2228949.86,1639.25
919,1667539.29,106111.45,51858.2,67635.79,172797.16,669255.24,220675.97,2955873.1,1481.5
921,1887601.88,113847.67,69698.51,68770.31,202333.27,1182782.74,-19314.87,3505719.51,1937
