id_strato,ricavi,giorni
6,3979912.16,4772.40
7,210683.77,399.00
19,3682763.93,2107.60
22,1136338.96,11966.93
25,1213446.50,5897.77
42,4204226.96,3976.80
43,6958210.75,4675.00
44,1550242.60,818.00
47,3608939.74,2623.50
48,2002388.53,1024.33
72,3021931.62,22215.74
74,1080089.79,4041.00
75,4094540.82,25619.34
80,1216759.24,5196.75
92,8624407.16,13330.14
93,2548538.93,2170.00
117,564617.64,504.00
122,1638938.11,8586.52
124,1614598.28,4429.60
125,4590165.00,18371.13
130,1700064.25,5008.00
145,3097790.29,5609.00
146,2838225.41,2971.50
160,478281.89,889.00
168,5159992.66,1237.50
170,1689265.88,1554.00
172,2154991.52,19003.69
174,1279510.68,2298.65
175,12844864.35,74608.25
180,1434852.68,4958.98
190,366110.65,1000.00
192,4654986.26,8674.73
193,8409803.52,3916.41
207,588795.93,769.50
212,2335701.55,1427.00
222,2537185.25,1238.25
223,6682783.47,2663.40
227,1084924.77,3758.66
230,8592000.82,20374.64
235,1016048.88,1687.56
236,1082050.98,1647.75
240,1471023.46,486.75
241,935830.66,1395.75
247,10955887.47,10318.34
248,6318473.15,2832.00
251,3831767.84,1274.66
262,420005.68,1996.00
270,1698916.27,1676.00
272,437426.25,447.67
275,1526531.43,1288.50
277,886035.88,4965.37
280,6870281.01,21553.24
285,2270913.10,3018.75
292,1738791.18,1131.65
297,2907988.49,2114.50
315,801769.13,1560.00
316,80820.34,336.00
325,1669322.27,775.34
327,1497544.07,6400.51
330,8428545.07,32238.49
335,1544843.35,3622.50
337,3595966.62,2434.75
347,7640748.70,5663.25
348,22628820.41,14210.20
354,2330466.79,1667.32
372,1265331.58,1133.66
375,1804882.40,843.00
377,1189590.50,9762.76
379,1758555.35,1594.50
380,6015235.10,36544.30
385,1208010.94,1713.50
394,3370092.58,3040.00
397,6598375.90,9744.29
412,3612514.52,4921.00
413,975191.74,1644.50
417,5168214.26,5037.50
422,4979784.17,6372.00
434,7103853.99,4081.99
437,3224526.17,12039.72
440,7881178.04,21283.62
445,1151058.61,2225.75
450,480705.90,1469.25
455,4206756.67,1649.75
457,6266688.29,4956.02
458,18601801.96,8074.91
459,5177319.86,1634.75
460,4416039.79,1876.00
482,765443.47,1542.68
487,4158434.95,25261.81
490,9996662.92,60495.88
494,1443933.68,7807.75
497,2249392.71,4775.50
507,12537700.89,12168.38
510,5491796.78,6723.75
523,1623953.35,1843.75
525,2362494.53,1619.25
527,7757350.12,4365.00
534,8881700.54,2586.40
535,1965079.41,850.34
537,4112520.66,19443.90
540,7347532.92,38143.25
545,724600.23,3028.42
550,2699538.30,2784.00
557,46047983.82,34003.41
558,10596250.04,6430.26
559,3967571.36,2204.50
562,2835605.68,1626.00
563,4322270.14,2503.00
567,3234301.08,1408.00
587,4242070.09,30148.15
590,15890244.54,76498.83
595,2653248.59,8294.70
597,10641741.04,12558.65
607,7515615.30,8838.88
608,4489396.57,3020.80
609,6667138.35,3428.49
627,3709923.93,5570.38
628,4627905.76,4279.14
632,989423.31,888.25
637,1481147.23,8056.83
640,3516140.27,19755.83
645,2718310.01,10070.65
647,3755669.06,4802.88
658,2443466.00,1683.00
660,1131529.76,2070.25
665,1109579.91,1449.00
680,1572382.73,2154.75
683,2561213.61,1217.50
685,3398553.33,4104.00
687,4877348.24,43156.69
690,11854882.06,55599.99
692,3588186.44,3422.00
695,4518267.11,8960.76
697,5731154.94,7217.19
707,3478952.73,7845.36
708,3515884.83,3525.69
719,937723.06,629.99
727,3670559.70,3021.36
728,3219762.00,1404.75
733,2421081.70,2384.75
735,3627272.40,1214.00
737,4153936.94,18812.56
740,14360249.20,49219.33
745,4635169.42,8617.20
747,2106883.08,2947.00
756,922447.47,2340.80
757,19100702.93,18961.36
758,29147034.43,18242.85
759,44934626.77,13397.92
760,23446569.18,4966.40
761,1058836.58,598.00
784,3918970.04,1269.33
785,659908.64,879.00
787,3368041.65,14930.58
790,7743793.34,32873.92
795,2004554.28,3625.00
797,978320.07,1920.83
800,376166.18,870.00
801,500116.30,980.00
807,10513107.26,8515.40
808,11538697.03,6805.80
826,3791620.34,4292.00
827,1634320.43,1138.00
831,3514386.60,3134.00
832,1886372.34,2354.00
837,15847207.73,3040.00
838,10706523.82,2537.25
842,1114802.46,3055.78
845,4250419.81,11923.91
850,2291446.43,4633.25
860,11334966.93,4050.99
862,10326563.10,6884.02
863,6309916.87,2964.35
867,204895.90,518.00
868,296129.89,543.00
880,342981.22,384.75
897,223802.74,2854.75
899,639840.15,4458.75
915,2724923.45,1697.68
916,1100783.22,576.67
918,1873855.35,1520.01
919,2434614.42,985.30
921,3362858.08,906.00
