id_strato,carbur,alcova,spcom,alcofi,spmanu,lavoro,proflor,ricavi,giorni
6,377207,198707,28726,217932,345250,1967077,1961554.67,5096453.67,4723.2
7,237895,44354,4995,78265,59724,841856,878463.66,2145552.66,1648.5
19,864376,94049,175369,235974,173849,1181548,953055.81,3678220.81,1517.88
22,165186,123142,10490,119326,42997,242774,643825.01,1347740.01,23626.89
25,220073,61801,67401,92740,159536,585355,-101743.09,1085162.91,4832.29
42,1654445,114242,411550,312322,364613,705999,2043611.5,5606782.5,5648.16
43,1615866.654,132753.7302,215538.734,245284.2502,352484.1748,1148742.653,2267598.902,5978269.098,4606.148078
44,638801.7315,15532.11205,27066.42133,68764.07267,67910.69895,322258.2469,350143.9825,1490477.266,1074.7092
47,906786.3459,74498.26978,120955.266,137647.7498,197805.8252,644647.3474,1272523.148,3354863.952,2584.861922
48,799931.2685,19449.88795,33893.57867,86108.92733,85040.30105,403543.7531,438463.3075,1866431.024,1345.7908
72,144618,150413,101187,158688,142336,1401445,1701436.63,3800123.63,27156.75
74,198028,36217,23660,44022,18741,334227,452072.84,1106967.84,4175
75,506063,160017,162585,170493,151187,1159291,1823623.17,4133259.17,31168.91
80,143196,47325,5267,57211,31074,347979,663345.38,1295397.38,5706.75
92,1302522,219749,506038,357550,231982,1326404,1997583.18,5941828.18,12345
93,238606,44048,63866,52545,31833,194488,318236.04,943622.04,1728.75
117,70634,48296,10569,16981,47566,106744,62829.71,363619.71,464
122,298202,137703,55997,141969,66097,963472,1069208.08,2732648.08,12606.4
124,338727,242786,34109,51450,108230,431592,402482.27,1609376.27,4516
125,794945,408315,261845,224122,261434,2550628,964974.44,5466263.44,20565.9
130,291892,145895,38841,45976,89228,502462,499600.08,1613894.08,5063.75
145,961470,69265,38626,45427,74360,552521,827497.89,2569166.89,4370.5
146,2317649,124535,123741,163579,172152,894157,1045271.18,4841084.18,5197.5
160,87344,0,38778,18079,18456,134645,145688.64,442990.64,756
168,696589,163996,881139,162809,180825,1722417,1910524.97,5718299.97,1522.54
170,146755,19094,101280,49987,61562,425571,362935,1167184,1648.88
172,83801,26359,5464,66317,138637,733128,745716.21,1799422.21,14574.88
174,172677,58275,24945,29277,55593,593966,502960.84,1437693.84,2968.32
175,2193688,448504,165158,490851,643753,6169110,5826000.8,15937064.8,80901.78
180,241879,210925,8901,97520,61927,1151090,1084335.81,2856577.81,8878.62
190,123273,16046,17599,11699,14269,235431,230909.79,649226.79,1620
192,2384039,141724,340541,236544,262691,1527780,1176560.01,6069879.01,10413.84
193,2607186,248370,1896248,332101,330490,2474656,2894357.27,10783408.27,7569.04
207,47647,15908,8726,72757,71122,34875,-84508.1,166526.9,261
212,179205,37634,6358,175066,46410,395493,327448.01,1167614.01,1444
222,426288,62636,377495,90240,79591,382261,939801.91,2358312.91,2074.54
223,1841318,526217,1232876,349734,621048,1887226,1588151.83,8046570.83,3644
227,299246,116799,107970,417687,10046,434153,372496.21,1758397.21,6659.49
230,1137357,517729,247824,1008705,277288,2435617,2409321.39,8033841.39,21624.53
235,613247,109109,58929,297958,45732,672202,546081.59,2343258.59,3177.42
236,257652,16336,23125,10891,36328,169853,30255.18,544440.18,1108.25
240,485407,66697,180638,75405,68550,666231,122770.08,1665698.08,1607.75
241,318403,51130,24489,132599,109019,346119,168254.32,1150013.32,1552.75
247,2421066,455178,586184,552273,487297,1745030,1987518.33,8234546.33,8450.51
248,2479180,278639,293103,318626,554794,1238412,1058036.58,6220790.58,2671
251,985262,96882,110277,70978,178935,489383,512604.34,2444321.34,837
262,138242,14222,85772,32766,62647,470487,387232.01,1191368.01,2508
270,129606,1769,133139,35057,84234,726218,788897.81,1898920.81,2301
272,182205,17970,70426,33321,17992,302194,150938.47,775046.47,827
275,118597,10676,287921,34492,25016,807422,661185.27,1945309.27,1203
277,57748,31166,70536,88811,41313,497781,216152.12,1003507.12,4460.83
280,328406,119527,443096,380145,295381,2449538,1259102.49,5275195.49,14453.35
285,158631,31132,159699,128159,103297,955268,483083.55,2019269.55,2331.75
292,362031,50412,246097,115338,90296,561295,226195.94,1651664.94,1063.5
297,577153,23185,243255,119883,116578,1047428,634122.51,2761604.51,2781.75
315,97206.26582,8448.35443,29760.12658,53913.79747,62698.67089,247326.6456,98943.82278,598297.6835,947.8481013
316,20936.73418,1819.64557,6409.873418,11612.20253,13504.32911,53270.35443,21310.97722,128864.1165,204.1518987
325,131521,24116,161801,80187,99238,1229750,684990.11,2411603.11,702
327,57699,10243,172669,36567,76829,863488,453655.21,1671150.21,6785
330,577258,66687,330499,253143,550500,3367089,1168133.34,6313309.34,24434.45
335,248596,68426,16917,67395,62389,566850,555763.09,1586336.09,2990.5
337,189446,13293,367284,83923,99339,1455952,1633097.49,3842334.49,2720.25
347,2898726,167747,605069,77135,287230,1384595,1424186.7,6844688.7,5197.5
348,9079315,398333,2054545,239699,463525,3164404,3792161.53,19191982.53,14595.33
354,1302654,29158,296386,37739,120650,363790,491500.71,2641877.71,1965
372,153938,17918,66385,67277,44473,288112,503049.5,1141152.5,789
375,265393,111243,141728,128117,166318,697580,895566.73,2405945.73,929.25
377,13116,15016,13238,182508,33755,210763,131189.42,599585.42,6022.16
379,194893,362066,34750,45233,40737,291244,735705.94,1704628.94,1183
380,714140,537035,71478,639875,439038,3925152,437375.72,6764093.72,32717.35
385,148478,305343,51164,133678,58350,193339,239232.41,1129584.41,1646.25
394,774245,119727,65372,119422,112270,900228,866750.82,2958014.82,2712
397,1476275,229819,12816,302132,306486,2184462,1792210.5,6304200.5,9272.03
412,412025,35177,10988,351520,121420,1717459,1733102.26,4381691.26,6216
413,179164,28204,7552,89335,74289,362819,251391.2,992754.2,1886
417,543723,50398,39150,364395,186527,1779536,1692730.13,4656459.13,5118.75
422,895324,107109,193436,346133,372286,1327919,806672.06,4048879.06,4970.75
434,3470006,112849,339693,275747,290663,1329261,929795.37,6748014.37,4211.99
437,506374,79661,43128,332362,154360,1936608,1645490.42,4697983.42,22306.38
440,1384827,293377,250762,613267,329325,2303922,2117180.12,7292660.12,21968.7
445,226322,38926,10806,81299,35241,652336,696098.76,1741028.76,3885.25
450,122553,101351,39561,89801,45270,400227,241574.73,1040337.73,3368.75
455,1511671,155247,89361,212900,214902,723081,366958.3,3274120.3,1522.5
457,3157344,226771,217903,265376,353961,1688359,1663142.6,7572856.6,5385.66
458,8051355,577879,279764,501655,697590,2847764,2684596,15640603,7582.1
459,1965096,146413,172591,128225,198551,719924,471044.81,3801844.81,1761
460,1675360,54775,91007,114938,169592,676279,548847.35,3330798.35,1330.5
482,325203,13123,16857,5422,38660,232407,252176.67,883848.67,1598
487,298685,64363,11139,62364,66651,1254404,1052063.67,2809669.67,21300.48
490,1217458,146049,23020,109547,416696,3150743,2725414.33,7788927.33,53725.6
494,209478,27053,0,37253,68524,612898,483733.7,1438939.7,8137.5
497,671625,49587,1900,18523,73063,670606,647038.63,2132342.63,5231
507,2941524,395397,1109204,334854,474694,3972934,3533658.25,12762265.25,11631
510,2191828,152587,72308,31171,388816,984546,1114187.15,4935443.15,7067.25
523,29166,0,1632,1679,0,85861,140210.72,258548.72,3350
525,118076,31882,9245,65791,59577,106554,52261.01,443386.01,1249.5
527,935753,1035145,104737,205244,155568,2597294,2837701.5,7871442.5,5206.5
534,2406130,48934,218883,144807,128425,1358197,1474929.97,5780305.97,3110
535,628097,10934,96088,46575,52857,437336,490216.72,1762103.72,824.25
537,505193,141551,21772,256010,127584,816779,2376216.88,4245105.88,23062.74
540,893594,223244,42203,311859,180784,1810389,3650581.15,7112654.15,44638.76
545,255651,165963,21940,87433,56291,158510,-8343.57,737444.43,2790.57
550,245483,20188,54265,56387,86923,261293,328171.95,1052710.95,2529.25
557,15484230.7,929850.7164,818818.153,793406.3149,1353029.827,6190334.065,9742842.978,35312512.75,31704.76814
558,6505016.033,285165.938,281678.2268,308338.7912,370465.9399,1763540.121,3210035.722,12724240.77,6331.293319
559,2991451,38450,304769,75899,118561,652118,399850.83,4581098.83,1708
562,740436.3009,44464.28358,39154.84702,37939.68511,64700.17269,296013.9348,465890.4117,1688599.636,1516.081858
563,2532099.034,111001.7858,109644.1826,120021.8956,144205.094,686463.8324,1249517.035,4952952.859,2464.476892
567,1424368.933,62441.27621,61677.59055,67515.31322,81118.96616,386153.0467,702884.5329,2786159.659,1386.32979
587,436024,411416,313021,147816,471983,1716385,869941.61,4366586.61,27285.09
590,1985807,458097,393737,537030,730709,6191792,4080401.29,14377573.29,80297.81
595,439575,165112,109146,97012,165119,1028278,1129572.99,3133814.99,11821.37
597,1054021,656627,695036,207127,422151,1710320,1901754.36,6647036.36,12961.4
607,1010513,191751,449321,220052,208751,926853,888704.31,3895945.31,10037.78
608,1752372,100845,102713,71253,416419,1775634,1548709.12,5767945.12,4176.8
609,2323928,322341,390595,220257,249425,1586306,1245820.66,6338672.66,3367
627,705318,1441394,555528,134029,150254,2115175,1276608.17,6378306.17,6701.5
628,692952,587152,373950,48235,51510,1478047,751422.8,3983268.8,4903.88
632,153373,25343,234073,41786,107134,775096,267283.88,1604088.88,1557.5
637,71538,47758,46038,64803,46896,516173,217515.64,1010721.64,7443.19
640,173712,67286,174862,120178,117156,1311299,578287.9,2542780.9,11872.75
645,276802,93720,270851,79017,69795,1522181,847780.2,3160146.2,9242.17
647,594153,198104,232660,120421,217154,2389437,1147189.58,4899118.58,6162.86
658,438023,59952,178135,69081,107524,777003,348257.65,1977975.65,1669.25
660,559646,713,219373,54299,56202,472125,317813.35,1680171.35,2222.5
665,104751,36629,10662,11646,23839,442590,418997.1,1049114.1,1152.5
680,431979,127769,35453,41077,39464,262949,213345.18,1152036.18,1978
683,384040,32475,137824,93223,72491,662647,683935.56,2066635.56,730
685,626238,72270,124230,121591,134646,659182,671064.2,2409221.2,3110.25
687,316713,73117,64503,303797,224813,2535041,1216549.41,4734533.41,29277.32
690,1149991,144567,117371,788538,555097,4471701,2249901.24,9477166.24,46768.74
692,624917,240281,59985,116392,93686,793080,933859.44,2862200.44,2790
695,314372,122718,47587,117828,99315,1030418,861900.71,2594138.71,5352.79
697,476965,132509,25500,66813,112608,625418,634106.34,2073919.34,2700.76
707,1328648,62845,226235,159743,102824,708910,684410.53,3273615.53,7483.75
708,1749046,193466,157511,178693,273388,875598,550541.39,3978243.39,3719.37
719,141746,18415,41281,39372,46055,459945,414335.68,1161149.68,756
727,395080,320214,66759,129610,102781,1082038,1151972.58,3248454.58,2805.57
728,347752,321548,965,91797,63398,949307,984422.92,2759189.92,1131
733,739898,63472,120556,79937,79225,510600,388996.86,1982684.86,1991.5
735,687502,134175,589242,230288,174485,1685957,1382040.35,4883689.35,1699.75
737,152574,159513,87651,187974,114905,1378212,990832.29,3071661.29,14447.82
740,1142175,220643,329385,751951,503827,4382746,3260782.5,10591509.5,36180.79
745,373610,45276,38286,193686,163041,1178527,1070889.65,3063315.65,6832.8
747,235018,184536,43610,44477,57295,515677,512039.96,1592652.96,2600.25
756,250321,21550,105540,71290,35553,373318,305011.21,1162583.21,2630
757,5676541,341719,1104845,640943,670010,4179057,3571219.69,16184334.69,16027.37
758,9717606,749307,1139949,847370,872966,6032880,4749250.34,24109328.34,17506.85
759,18779809,2366658,1520382,1939408,2524881,11091928,7588504.03,45811570.03,17629.44
760,2888482,239747,130991,278792,306077,1192564,853447.46,5890100.46,2245.1
761,768411,91772,90103,84386,78843,427677,299968.26,1841160.26,1206
784,456060,313545,354957,105954,265542,1147827,917627.21,3561512.21,1346
785,256905,84743,23759,56278,74857,669926,224961.36,1391429.36,1253.2
787,667498,60898,11362,464343,248644,909771,373410.39,2735926.39,8610.14
790,1204632,447990,18567,738910,744843,3409278,2474108.64,9038328.64,34835.22
795,227490,14686,17860,163107,105163,813691,727756.67,2069753.67,4797.25
797,167852,67952,507,52104,68247,545152,498723.88,1400537.88,2772
800,257275,25153,645,48525,34359,298500,283740.82,948197.82,1515.75
801,213190,67262,850,28022,87975,318967,227144.44,943410.44,1322.5
807,3975973,771100,495149,226835,773973,1745486,1792264.91,9780780.91,7950.9
808,4214327,437545,705058,243712,660484,2116439,1518035.19,9895600.19,6532.7
826,424084,4471,9027,235795,193854,1777591,1347942.4,3992764.4,6087
827,199359,18653,6510,112474,127198,962844,918482.65,2345520.65,3677
831,505582,18352,10450,180562,225593,1248970,848782.28,3038291.28,4396
832,114233,8049,7188,61776,74537,872423,939228.24,2077434.24,2464
837,1024626,27575,349309,275360,192439,2880074,2804676.79,7554059.79,3316.5
838,3311032,193142,1910285,268511,583190,2050687,1612751.45,9929598.45,2472
842,154766,9234,85610,17745,5656,331091,317765.84,921867.84,3860.78
845,661770,19006,399155,112692,47092,1157631,1063553.03,3460899.03,11430.45
850,524153,273732,181420,73987,123847,818272,468337.68,2463748.68,6134.5
860,3653582,170316,822169,527533,733110,1560546,1180160.96,8647416.96,3803.99
862,3507833,119421,1067425,139846,440448,4481800,4469413.21,14226186.21,9672.75
863,2703491,101185,537528,491741,312797,1464585,1242884.36,6854211.36,3016
867,59930,10285,28507,19210,456,61746,42279.11,222413.11,353.5
868,165526,6793,64755,4694,31394,196945,166434.91,636541.91,1291.25
880,83694,509,550,21345,35080,195749,230026.7,566953.7,596.25
897,44542,0,0,12885,24899,78501,86870.82,247697.82,3015
899,139140,0,0,6501,54081,171858,165680.84,537260.84,5670
915,1607992.488,19454.6481,61013.79816,64701.03331,172678.6663,440993.9753,369054.4919,2735889.101,1297.704641
916,722233.9764,9611.966587,20514.63551,44177.7577,119382.2125,202337.5269,122599.4506,1240857.526,507.5494936
918,1226112,20608,31727,55046,125372,424705,393589.73,2277159.73,1472.5
919,1234011.024,16423.03341,35051.36449,75482.2423,203976.7875,345714.4731,209473.7694,2120132.694,867.2005064
921,858136.5122,10382.3519,32561.20184,34528.96669,92153.33374,235345.0247,196953.1181,1460060.509,692.5453589
