id_strato,carbur,alcova,spcom,alcofi,spmanu,lavoro,prolor,ricavi
6,353810,164294,49784,454091,458401,190379,18774,483114
7,234172,70910,4583,273199,478528,432745,359636,394314
19,398735,201406,481682,390299,327358,123354,347417,416033
22,224043,70834,110949,280931,359267,270871,350023,166408
25,499688,216555,133360,328129,295417,213832,312117,215298
42,433030,28819,431702,180113,80229,373029,277536,300349
43,441760,380508,241049,156313,81250,481367,327933,373535
44,490185,401954,118207,177463,3119,147652,27937,112392
72,312325,220096,282504,241507,95645,59097,431210,62114
74,27573,197557,324767,412019,238726,405116,454090,272071
75,51660,249697,386467,105419,68136,51136,460622,152932
80,157213,164177,496542,476200,431368,183091,475597,21376
92,122092,38660,307118,238493,106040,256570,234030,493461
93,291408,428207,991,301044,220751,469675,436956,429365
117,18349,334463,210872,300062,352121,206413,313354,252265
122,417564,171393,499573,356937,46953,217233,73932,455206
124,466528,169338,285596,402579,166030,366465,101909,173764
125,29814,104631,24108,425396,457580,318651,158835,76925
130,251158,197046,148703,392141,338684,329399,308084,159366
145,171008,48816,443470,303863,328173,174999,444927,245577
146,251253,442542,151275,322517,297154,199354,270729,261240
160,305568,142421,120376,385293,300496,9497,77646,124729
168,214838,274119,241666,428657,292929,372260,463026,398582
170,416398,309008,11543,416787,83688,418171,180881,4613
172,76111,80054,174868,474304,392674,151277,81895,125475
174,381608,486899,498948,378492,360034,318997,414547,179996
175,261626,247484,258259,385491,345910,52455,257344,164680
180,495005,381919,338383,252486,451601,62934,421281,334914
190,466563,124940,229656,390601,68806,482815,497483,192665
192,129659,61274,44078,23876,400081,420942,373100,338826
193,382940,242605,461976,56297,489362,9845,422754,468521
207,319058,131105,252800,203478,492296,129958,476001,496257
212,357868,56165,128184,198775,29385,76687,429048,192278
222,18380,347727,290217,180503,147266,207643,19587,416963
223,41407,155858,54522,73940,56875,134350,329031,118537
227,470541,266817,68048,497304,396026,90595,243505,219362
230,410425,51732,281895,174858,289387,129376,270714,234455
235,466134,298689,262264,334635,160117,247288,273339,118795
236,377719,99749,224693,348430,99588,159182,244634,235781
240,474294,115912,195475,413697,66903,459833,135945,290933
241,210384,104726,471768,198670,168872,320248,494845,395508
245,444861,392554,488960,159654,438859,41765,106960,293288
247,451531,70438,260469,235380,298725,306274,235421,318955
248,208183,58037,489550,429705,572,217557,1971,329232
262,475048,345205,351804,392462,367846,68839,401379,144807
270,348358,247754,394630,370240,197395,268780,271385,73253
272,172770,344542,253851,238858,16982,494946,67963,124343
275,394691,114745,344413,277632,355049,138135,467605,229076
277,442284,32938,273403,50487,216980,266707,158807,243716
280,299708,337116,72689,454812,364049,160753,376340,87480
285,372676,362897,284523,295002,490344,293962,179759,79492
292,466466,396989,453221,186453,217118,310951,75469,337498
297,327203,68269,75288,188195,490536,219961,176730,40521
315,214349,79482,219965,240238,338641,260708,246897,143230
325,218635,35394,342613,105901,189652,428910,454980,276483
327,52762,303894,15875,374142,21731,134020,482794,55584
330,203643,51668,332223,409595,175384,231065,412937,202625
335,82991,102493,346450,109583,420517,399663,460479,263644
337,34691,425792,17839,67811,286669,208263,315262,105408
347,201522,355258,59458,162752,78705,304150,52081,221095
348,164651,416504,264348,37897,440362,175969,241710,349630
354,484300,315514,136785,68027,407231,16031,118721,488291
372,384854,82197,435380,465649,72809,103858,12355,294664
375,262739,453363,335985,181550,164720,481078,159675,203105
377,413220,424462,439465,446414,399065,319059,362320,474345
379,446564,55879,67941,85405,5897,6478,137157,109017
380,134861,91904,17988,135327,262226,179752,253837,313091
385,157004,263529,21683,283966,258552,149558,102209,90599
394,425666,205841,324925,85596,393904,485574,284833,13621
397,84664,360755,209840,176266,198742,46484,152121,444933
412,151030,15458,340005,311374,304179,185490,486391,346333
413,305185,19904,58802,451491,104888,369736,282604,111727
417,419678,402557,400901,128773,678,102651,195238,327264
422,463949,244124,340795,259703,461406,460149,199815,86247
434,363276,307911,474876,362100,233701,242305,475227,61121
437,259398,254560,109192,18942,195429,366428,140048,277745
440,110393,216265,216055,115482,102006,466946,247488,184365
445,334870,434689,307328,297168,422502,121174,161811,269586
450,35092,186654,453575,359643,359297,1965,148439,473101
455,468366,167056,391845,64820,388516,366956,278084,355984
457,367472,360593,380907,62478,147667,30158,475354,454054
458,74483,402315,418449,13982,411416,259970,141027,45684
459,225482,224003,331978,47970,435908,267745,314093,177609
460,296484,17148,154699,35067,230665,178904,22334,120829
461,403353,234038,345257,168108,306052,426737,443437,231018
482,238253,229931,273580,270656,280523,64741,326034,443728
487,256083,228059,93237,141236,126313,234477,126693,471121
490,316818,60743,417181,458931,383861,160702,52719,359463
494,211222,66679,453680,103349,201448,145993,133722,417894
497,321670,27218,321665,314161,146744,396218,232210,401185
507,96188,31325,251307,26729,188327,125498,228508,46249
510,366366,49852,346580,22187,320141,372055,297555,250795
523,267375,14473,131433,242764,142743,418147,469176,334579
525,85108,71076,191814,408990,174046,115390,235385,439348
527,360527,78543,480900,143002,408624,228888,71345,389542
534,260942,54917,128999,299452,383445,358098,286250,341827
535,20510,464740,492487,358650,122665,479404,9571,229954
537,116122,792,88231,53291,1087,176738,214573,306172
540,332787,199313,476461,76453,80797,269764,483554,490742
545,496524,175755,218987,388403,340355,474263,270720,197562
550,446114,404977,342647,486449,26528,192989,126027,20777
557,64871,447196,49096,392921,315367,201544,410214,408739
558,119053,296949,491609,347402,57518,272581,193955,217575
559,210800,235731,472359,209139,216507,176356,418983,381314
587,343451,87208,469477,312173,117602,232959,499153,145159
590,389923,30788,50704,448260,236435,309471,452579,458894
595,320160,265383,241663,91428,107569,387546,25504,294434
597,252353,78803,316905,54746,68718,11579,145765,254800
607,99154,170369,261409,238721,460494,242113,172419,104467
608,229449,127774,210363,210816,388374,338181,174963,110265
609,465254,113202,8153,70299,86709,113992,476530,43738
627,239723,170678,17794,217592,413541,460933,126779,423230
628,28238,415996,229072,84204,416702,101935,440200,28751
632,419471,263837,189754,307819,416263,85119,6500,417231
637,93691,348252,122321,417907,299627,342620,249072,287384
640,8370,485932,245827,405351,67663,235398,234009,15770
645,389494,432309,453129,486548,343591,379369,173022,211040
647,37583,93410,204325,392873,280027,276333,192790,397341
658,278812,30709,403758,204338,11514,99599,134780,344191
660,358857,160948,49451,223548,217798,428040,301958,35432
665,266583,43740,60272,95006,73295,39858,332658,356446
680,454837,172976,370910,423215,129619,20312,143628,121516
683,41591,60872,353148,88810,20050,287877,395815,12695
685,315897,261818,455018,231480,100409,52690,359530,28303
687,149662,211021,176078,208745,231344,343300,443172,7547
690,428422,404024,336149,226630,315108,164034,288204,428598
692,315201,392468,85831,161540,165093,178923,296147,283753
695,288503,255684,286524,77204,60255,304359,15556,92133
697,365685,171644,342264,254452,99085,439672,320895,12732
707,186413,406444,280808,19841,97502,432036,485679,115055
708,396836,126046,9851,38722,142438,333295,446862,67766
720,487881,302374,323395,330613,53723,24714,76833,431114
727,118416,236828,176020,45618,297391,499596,28183,260889
728,421855,131673,347657,8764,392768,239213,441437,46218
733,285699,143777,260178,340044,492678,442838,376067,416457
735,157666,446580,456496,440536,231954,159830,420753,456091
737,155590,95865,151336,216305,15542,168275,437679,177302
740,18112,242479,197586,242085,437835,24551,235408,142233
745,37084,300114,422670,481826,98387,154895,174681,140236
747,283532,388391,257057,366120,302198,246720,162230,448319
756,94709,66682,316075,385921,434926,430129,21806,389327
757,497910,228997,447788,367869,109011,236199,37157,349749
758,451641,313164,257714,328537,192685,260534,225826,371662
759,138442,390755,381531,297699,116559,185887,255771,360314
760,325698,313156,66911,276733,345176,234602,58626,456433
761,186992,274634,399343,209904,196552,204250,187632,317897
784,60045,90526,259163,425469,42755,48387,250516,117393
785,278057,432761,52402,302262,171023,406289,474738,273029
787,410365,166877,475347,166906,494441,129109,416632,461089
790,159173,375738,147078,152359,361455,109296,298617,65556
795,283026,416874,114869,368802,298237,96944,32329,147402
797,357201,491303,365146,292067,46492,464560,453807,317329
800,319451,343828,169688,455024,265757,280134,348358,50716
801,436555,347031,214710,349159,109340,318316,451798,168974
807,348505,148832,282730,421314,183431,279834,487090,232498
808,58798,178401,177374,473743,417837,322500,270624,23195
826,386280,160328,276999,413979,87628,304473,100282,76589
827,139902,393300,225060,47090,91989,77336,6692,258724
831,72801,330698,408704,444179,278083,233827,293603,281819
832,496735,382698,340346,42860,51020,288472,444458,248163
837,60257,437054,301824,273608,678,203455,435152,381139
839,159819,310795,6500,305464,73335,477348,316018,477953
842,214071,234210,281541,2286,267051,141007,128055,223472
845,108439,128440,271600,231957,57827,135795,379060,485706
850,403014,3206,9811,230408,36054,82323,207117,322455
860,348411,320823,472646,477843,139367,110271,433866,296401
862,12489,61070,89556,27826,234595,323762,255132,248469
863,388604,317667,95324,379515,423257,312706,322059,316361
867,311766,119800,206789,277717,111599,55766,351895,2343
868,438899,197318,285091,159008,236153,341580,405338,404356
880,71894,260731,312589,441960,64585,469465,366953,236430
897,84758,97734,482976,333314,135315,201848,27284,64979
899,404983,99374,317191,352891,225349,349454,82676,56867
918,79090,328284,428849,344569,142524,38260,57765,61937
919,303569,487197,329349,136156,58182,498542,475004,316331
921,212075,400698,186160,87576,122676,453909,211635,374163
